dataset_id,base_dataset_id,severity,candidate_index,candidate_id,lipid_name,X_hat,rho_zero,rho_zero_status,raw_solver_reported,candidate_truth,molecular_truth,reportable_truth,cone_isolation,max_fragment_cosine,max_full_cosine,lipid_class,collective_gain,pair_id,unit_id,role,spectral_score_CAL,spectral_score_HOLD,joint_hard_score,joint_easy_score,fragment_cosine,fragment_support_jaccard,full_cosine,parent_cosine,base_template_id,realized_spatial_correlation,abundance_multiplier,K,replicate,split,protocol,retention_flag_unit,candidate_solver_false_negative,retained_by_rho_zero_global_FDR5,rho_zero_FDR5_threshold_available,retained_by_global_FDR5,filter_induced_true_loss_FDR5,retained_by_rho_zero_global_FDR1,rho_zero_FDR1_threshold_available,retained_by_global_FDR1,filter_induced_true_loss_FDR1,retained_by_X_hat_global_FDR5,X_hat_FDR5_threshold_available,retained_by_X_hat_global_FDR1,X_hat_FDR1_threshold_available,solver_false_negative
MODERATE__CAL_R5_K050,CAL_R5_K050,MODERATE,0,PA-H__0075,PA 16:0_24:0,0.050751899500965446,0.00418901258390897,COMPUTED,True,True,True,True,0.729606198131629,0.7748217721703936,0.44170172724713597,PA,0.16755576280234685,B2_U7_U22,7,spectral_easy_spatial_high,0.16836124794745483,0.15682101806239737,0.15682101806239737,0.16836124794745483,0.0,0.0,0.0,0.0,121,0.9865236566219531,2.0,50,R5,CAL,LOCAL_CAL_RECALIBRATION,dataset/lipid_name,False,True,True,True,False,True,True,True,False,True,True,True,True,False
MODERATE__CAL_R5_K050,CAL_R5_K050,MODERATE,1,PA-H__0076,PA 16:0_24:1,0.0,,NOT_COMPUTED,False,False,False,False,0.5504804076642431,0.883487638633687,0.6654546118919494,PA,0.19595790828137805,,,UNASSIGNED_FALSE_POSITIVE,,,,,,,,,,,,50,R5,CAL,LOCAL_CAL_RECALIBRATION,dataset/lipid_name,False,False,True,False,False,False,True,False,False,False,True,False,True,False
MODERATE__CAL_R5_K050,CAL_R5_K050,MODERATE,2,PA-H__0079,PA 16:0_24:4,0.0011639255682214537,0.0,COMPUTED,True,False,False,False,0.2223063465458067,0.9171280506076233,0.9158818256178151,PA,0.17914163452145218,,,UNASSIGNED_FALSE_POSITIVE,,,,,,,,,,,,50,R5,CAL,LOCAL_CAL_RECALIBRATION,dataset/lipid_name,False,False,True,False,False,False,True,False,False,False,True,False,True,False
MODERATE__CAL_R5_K050,CAL_R5_K050,MODERATE,3,PA-H__0080,PA 16:0_24:5,2.547192451523715e-07,,NOT_COMPUTED,False,False,False,False,0.22923411741411742,0.9171280506076233,0.9158818256178151,PA,0.17221386365314145,,,UNASSIGNED_FALSE_POSITIVE,,,,,,,,,,,,50,R5,CAL,LOCAL_CAL_RECALIBRATION,dataset/lipid_name,False,False,True,False,False,False,True,False,False,False,True,False,True,False
MODERATE__CAL_R5_K050,CAL_R5_K050,MODERATE,4,PA-H__0100,PA 24:0_16:1,0.0005538931654805641,,NOT_COMPUTED,False,False,False,False,0.47172636833494863,0.7350890401757907,0.6635490105932277,PA,0.2764064477750978,,,UNASSIGNED_FALSE_POSITIVE,,,,,,,,,,,,50,R5,CAL,LOCAL_CAL_RECALIBRATION,dataset/lipid_name,False,False,True,False,False,False,True,False,False,False,True,False,True,False
MODERATE__CAL_R5_K050,CAL_R5_K050,MODERATE,5,PA-H__0117,PA 18:0_22:0,0.0,,NOT_COMPUTED,False,False,False,False,0.3381799302246325,0.7789494468002593,0.6213615663357793,PA,0.44534403487199864,,,UNASSIGNED_FALSE_POSITIVE,,,,,,,,,,,,50,R5,CAL,LOCAL_CAL_RECALIBRATION,dataset/lipid_name,False,False,True,False,False,False,True,False,False,False,True,False,True,False
MODERATE__CAL_R5_K050,CAL_R5_K050,MODERATE,6,PA-H__0118,PA 18:0_22:1,0.0024717543020793087,2.082075073919866e-06,COMPUTED,True,False,False,False,0.3291126428847987,0.854010491337717,0.7758194394971382,PA,0.30184234544507127,,,UNASSIGNED_FALSE_POSITIVE,,,,,,,,,,,,50,R5,CAL,LOCAL_CAL_RECALIBRATION,dataset/lipid_name,False,False,True,False,False,False,True,False,False,False,True,False,True,False
MODERATE__CAL_R5_K050,CAL_R5_K050,MODERATE,7,PA-H__0119,PA 18:0_22:2,0.002446361146053715,0.0,COMPUTED,True,False,False,False,0.27393752390511106,0.8394493239810369,0.7712444256096473,PA,0.36260158405766385,,,UNASSIGNED_FALSE_POSITIVE,,,,,,,,,,,,50,R5,CAL,LOCAL_CAL_RECALIBRATION,dataset/lipid_name,False,False,True,False,False,False,True,False,False,False,True,False,True,False
MODERATE__CAL_R5_K050,CAL_R5_K050,MODERATE,8,PA-H__0120,PA 18:0_22:3,0.024780132271790004,0.0,COMPUTED,True,True,True,True,0.26685411549166754,0.7994055605507371,0.7822770241404187,PA,0.35607658490927657,B1_U95_U125,125,spectral_hard_spatial_low,0.7451149425287357,0.8009901477832513,0.7451149425287357,0.8009901477832513,0.05022587307821144,0.0661764705882353,0.05302766559774588,0.11301892928657031,295,-0.14165705240466278,0.6170676298438253,50,R5,CAL,LOCAL_CAL_RECALIBRATION,dataset/lipid_name,False,False,True,False,True,False,True,False,True,True,True,False,True,False
MODERATE__CAL_R5_K050,CAL_R5_K050,MODERATE,9,PA-H__0121,PA 18:0_22:4,0.004799091897298529,2.4496373694547963e-06,COMPUTED,True,False,False,False,0.18925162859522815,0.8691673191165914,0.8645836840369737,PA,0.31323723028330897,,,UNASSIGNED_FALSE_POSITIVE,,,,,,,,,,,,50,R5,CAL,LOCAL_CAL_RECALIBRATION,dataset/lipid_name,False,False,True,False,False,False,True,False,False,False,True,False,True,False
MODERATE__CAL_R5_K050,CAL_R5_K050,MODERATE,10,PA-H__0122,PA 18:0_22:5,0.010406161759422359,2.3026782553291352e-05,COMPUTED,True,False,False,False,0.13936661280823676,0.9374908882297373,0.9345818680853585,PA,0.21638151697754526,,,UNASSIGNED_FALSE_POSITIVE,,,,,,,,,,,,50,R5,CAL,LOCAL_CAL_RECALIBRATION,dataset/lipid_name,False,False,True,False,False,False,True,False,False,False,True,False,True,False
MODERATE__CAL_R5_K050,CAL_R5_K050,MODERATE,11,PA-H__0124,PA 18:0_24:0,0.0,,NOT_COMPUTED,False,False,False,False,0.5363596171784565,0.7271532361366108,0.6313329291237251,PA,0.239152299302559,,,UNASSIGNED_FALSE_POSITIVE,,,,,,,,,,,,50,R5,CAL,LOCAL_CAL_RECALIBRATION,dataset/lipid_name,False,False,True,False,False,False,True,False,False,False,True,False,True,False
MODERATE__CAL_R5_K050,CAL_R5_K050,MODERATE,12,PA-H__0125,PA 18:0_24:1,0.0,,NOT_COMPUTED,False,False,False,False,0.3334734584306543,0.8793255202210899,0.8305304488322932,PA,0.22349976674487387,,,UNASSIGNED_FALSE_POSITIVE,,,,,,,,,,,,50,R5,CAL,LOCAL_CAL_RECALIBRATION,dataset/lipid_name,False,False,True,False,False,False,True,False,False,False,True,False,True,False
MODERATE__CAL_R5_K050,CAL_R5_K050,MODERATE,13,PA-H__0128,PA 18:0_24:4,0.010234565477003205,3.1231454770545874e-06,COMPUTED,True,True,True,True,0.19065424453428229,0.8372950741847822,0.832749852444057,PA,0.362995178164235,B2_U23_U146,146,spectral_hard_spatial_low,0.6574581280788178,0.6583152709359607,0.6574581280788178,0.6583152709359607,0.04355266034180107,0.06944444444444445,0.043333667178812665,0.0,246,-0.1173917226648728,0.7303443264893795,50,R5,CAL,LOCAL_CAL_RECALIBRATION,dataset/lipid_name,False,False,True,False,True,False,True,False,True,False,True,False,True,False
MODERATE__CAL_R5_K050,CAL_R5_K050,MODERATE,14,PA-H__0129,PA 18:0_24:5,0.0007267593909404887,,NOT_COMPUTED,False,False,False,False,0.1609179673339711,0.923167578011941,0.919680283971754,PA,0.23175005437601462,,,UNASSIGNED_FALSE_POSITIVE,,,,,,,,,,,,50,R5,CAL,LOCAL_CAL_RECALIBRATION,dataset/lipid_name,False,False,True,False,False,False,True,False,False,False,True,False,True,False
MODERATE__CAL_R5_K050,CAL_R5_K050,MODERATE,15,PA-H__0130,PA 18:0_24:6,0.0005395246077462653,,NOT_COMPUTED,False,False,False,False,0.1641748706562144,0.9374908882297373,0.9345818680853585,PA,0.19157325912956763,,,UNASSIGNED_FALSE_POSITIVE,,,,,,,,,,,,50,R5,CAL,LOCAL_CAL_RECALIBRATION,dataset/lipid_name,False,False,True,False,False,False,True,False,False,False,True,False,True,False
MODERATE__CAL_R5_K050,CAL_R5_K050,MODERATE,16,PA-H__0140,PA 22:0_18:1,0.0,,NOT_COMPUTED,False,False,False,False,0.3671639070922606,0.7050099452951126,0.6113032030767289,PA,0.42423257628894034,,,UNASSIGNED_FALSE_POSITIVE,,,,,,,,,,,,50,R5,CAL,LOCAL_CAL_RECALIBRATION,dataset/lipid_name,False,False,True,False,False,False,True,False,False,False,True,False,True,False
MODERATE__CAL_R5_K050,CAL_R5_K050,MODERATE,17,PA-H__0141,PA 18:1_22:1,0.0022035922521999175,1.5640820219690514e-18,COMPUTED,True,False,False,False,0.46175873097333114,0.9022714644699661,0.6587714343940032,PA,0.2905844069806663,,,UNASSIGNED_FALSE_POSITIVE,,,,,,,,,,,,50,R5,CAL,LOCAL_CAL_RECALIBRATION,dataset/lipid_name,False,False,True,False,False,False,True,False,False,False,True,False,True,False
MODERATE__CAL_R5_K050,CAL_R5_K050,MODERATE,18,PA-H__0142,PA 18:1_22:2,0.04834716403883545,0.00025626272550650854,COMPUTED,True,True,True,True,0.40366716929733215,0.9248799886279087,0.7196223801768364,PA,0.2906984620156129,B2_U60_U84,84,spectral_hard_spatial_low,0.8323037766830871,0.8063054187192118,0.8063054187192118,0.8323037766830871,0.8432257966252498,0.7037037037037037,0.39242033148640376,0.11301891386763883,86,-0.2267528764366433,2.0,50,R5,CAL,LOCAL_CAL_RECALIBRATION,dataset/lipid_name,False,True,True,True,False,True,True,True,False,True,True,True,True,False
MODERATE__CAL_R5_K050,CAL_R5_K050,MODERATE,19,PA-H__0143,PA 18:1_22:3,2.110014754087754e-06,,NOT_COMPUTED,False,False,False,False,0.26035456632127724,0.8639124793194024,0.8037028144235677,PA,0.33467634555443054,,,UNASSIGNED_FALSE_POSITIVE,,,,,,,,,,,,50,R5,CAL,LOCAL_CAL_RECALIBRATION,dataset/lipid_name,False,False,True,False,False,False,True,False,False,False,True,False,True,False
MODERATE__CAL_R5_K050,CAL_R5_K050,MODERATE,20,PA-H__0144,PA 18:1_22:4,0.0,,NOT_COMPUTED,False,False,False,False,0.23118051955905902,0.7349039762795926,0.7251473077432745,PA,0.45741325188581883,,,UNASSIGNED_FALSE_POSITIVE,,,,,,,,,,,,50,R5,CAL,LOCAL_CAL_RECALIBRATION,dataset/lipid_name,False,False,True,False,False,False,True,False,False,False,True,False,True,False
MODERATE__CAL_R5_K050,CAL_R5_K050,MODERATE,21,PA-H__0147,PA 24:0_18:1,1.9315784546879074e-07,,NOT_COMPUTED,False,False,False,False,0.43680623844895256,0.7371891580184492,0.6602623564184665,PA,0.3142287944867514,,,UNASSIGNED_FALSE_POSITIVE,,,,,,,,,,,,50,R5,CAL,LOCAL_CAL_RECALIBRATION,dataset/lipid_name,False,False,True,False,False,False,True,False,False,False,True,False,True,False
MODERATE__CAL_R5_K050,CAL_R5_K050,MODERATE,22,PA-H__0148,PA 18:1_24:1,0.0,,NOT_COMPUTED,False,False,False,False,0.4394175718623714,0.7742897189559598,0.6708976550037268,PA,0.30213238364332506,,,UNASSIGNED_FALSE_POSITIVE,,,,,,,,,,,,50,R5,CAL,LOCAL_CAL_RECALIBRATION,dataset/lipid_name,False,False,True,False,False,False,True,False,False,False,True,False,True,False
MODERATE__CAL_R5_K050,CAL_R5_K050,MODERATE,23,PA-H__0151,PA 18:1_24:4,0.0,,NOT_COMPUTED,False,False,False,False,0.2590661626283403,0.770029563231097,0.7660750464750595,PA,0.383684973635327,,,UNASSIGNED_FALSE_POSITIVE,,,,,,,,,,,,50,R5,CAL,LOCAL_CAL_RECALIBRATION,dataset/lipid_name,False,False,True,False,False,False,True,False,False,False,True,False,True,False
MODERATE__CAL_R5_K050,CAL_R5_K050,MODERATE,24,PA-H__0152,PA 18:1_24:5,0.0,,NOT_COMPUTED,False,False,False,False,0.2403872498285696,0.8248123478924629,0.8214327614182942,PA,0.3299181231679643,,,UNASSIGNED_FALSE_POSITIVE,,,,,,,,,,,,50,R5,CAL,LOCAL_CAL_RECALIBRATION,dataset/lipid_name,False,False,True,False,False,False,True,False,False,False,True,False,True,False
MODERATE__CAL_R5_K050,CAL_R5_K050,MODERATE,25,PA-H__0153,PA 18:1_24:6,0.0,,NOT_COMPUTED,False,False,False,False,0.25854770171004793,0.8317569743542244,0.8214327614182942,PA,0.311757671286486,,,UNASSIGNED_FALSE_POSITIVE,,,,,,,,,,,,50,R5,CAL,LOCAL_CAL_RECALIBRATION,dataset/lipid_name,False,False,True,False,False,False,True,False,False,False,True,False,True,False
MODERATE__CAL_R5_K050,CAL_R5_K050,MODERATE,26,PA-H__0162,PA 22:0_18:2,0.0,,NOT_COMPUTED,False,False,False,False,0.34226134747101367,0.761776416520081,0.6134161506702321,PA,0.4474985059635067,,,UNASSIGNED_FALSE_POSITIVE,,,,,,,,,,,,50,R5,CAL,LOCAL_CAL_RECALIBRATION,dataset/lipid_name,False,False,True,False,False,False,True,False,False,False,True,False,True,False
MODERATE__CAL_R5_K050,CAL_R5_K050,MODERATE,27,PA-H__0163,PA 22:1_18:2,0.00595173300082556,1.0265031852088364e-06,COMPUTED,True,False,False,False,0.3672416022212644,0.8804726866933393,0.607232220086111,PA,0.42728280324989093,,,UNASSIGNED_FALSE_POSITIVE,,,,,,,,,,,,50,R5,CAL,LOCAL_CAL_RECALIBRATION,dataset/lipid_name,False,False,True,False,False,False,True,False,False,False,True,False,True,False
MODERATE__CAL_R5_K050,CAL_R5_K050,MODERATE,28,PA-H__0164,PA 18:2_22:2,0.0247591366384722,7.690911878124532e-05,COMPUTED,True,True,True,True,0.47866516502254414,0.8685597534716455,0.7219248581633445,PA,0.21330629332370504,B2_U60_U84,60,spectral_hard_spatial_low,0.8323037766830871,0.8063054187192118,0.8063054187192118,0.8323037766830871,0.8432257966252498,0.7037037037037037,0.39242033148640376,0.11301891386763883,256,-0.2267528764366433,0.7802037075442214,50,R5,CAL,LOCAL_CAL_RECALIBRATION,dataset/lipid_name,False,True,True,True,False,False,True,False,True,True,True,False,True,False
MODERATE__CAL_R5_K050,CAL_R5_K050,MODERATE,29,PA-H__0165,PA 18:2_22:3,2.3836870086614282e-08,,NOT_COMPUTED,False,False,False,False,0.40654814292933356,0.8361365785941115,0.722889225295104,PA,0.2844157982081504,,,UNASSIGNED_FALSE_POSITIVE,,,,,,,,,,,,50,R5,CAL,LOCAL_CAL_RECALIBRATION,dataset/lipid_name,False,False,True,False,False,False,True,False,False,False,True,False,True,False
MODERATE__CAL_R5_K050,CAL_R5_K050,MODERATE,30,PA-H__0169,PA 24:0_18:2,4.206375571718541e-08,,NOT_COMPUTED,False,False,False,False,0.4349361980895777,0.674205896426856,0.5485397946470075,PA,0.4011882505953169,,,UNASSIGNED_FALSE_POSITIVE,,,,,,,,,,,,50,R5,CAL,LOCAL_CAL_RECALIBRATION,dataset/lipid_name,False,False,True,False,False,False,True,False,False,False,True,False,True,False
MODERATE__CAL_R5_K050,CAL_R5_K050,MODERATE,31,PA-H__0170,PA 24:1_18:2,3.3303152448954347e-07,,NOT_COMPUTED,False,False,False,False,0.416531063009088,0.7481851339902038,0.6386711778861706,PA,0.35294871355264307,,,UNASSIGNED_FALSE_POSITIVE,,,,,,,,,,,,50,R5,CAL,LOCAL_CAL_RECALIBRATION,dataset/lipid_name,False,False,True,False,False,False,True,False,False,False,True,False,True,False
MODERATE__CAL_R5_K050,CAL_R5_K050,MODERATE,32,PA-H__0173,PA 18:2_24:4,0.00032228736006159646,,NOT_COMPUTED,False,False,False,False,0.33277246997096527,0.6495701338678831,0.6430180714358019,PA,0.4330785336890039,,,UNASSIGNED_FALSE_POSITIVE,,,,,,,,,,,,50,R5,CAL,LOCAL_CAL_RECALIBRATION,dataset/lipid_name,False,False,True,False,False,False,True,False,False,False,True,False,True,False
MODERATE__CAL_R5_K050,CAL_R5_K050,MODERATE,33,PA-H__0174,PA 18:2_24:5,0.0,,NOT_COMPUTED,False,False,False,False,0.30902833514416345,0.8083196183923326,0.8030418220184925,PA,0.2868943377666932,,,UNASSIGNED_FALSE_POSITIVE,,,,,,,,,,,,50,R5,CAL,LOCAL_CAL_RECALIBRATION,dataset/lipid_name,False,False,True,False,False,False,True,False,False,False,True,False,True,False
MODERATE__CAL_R5_K050,CAL_R5_K050,MODERATE,34,PA-H__0175,PA 18:2_24:6,4.243147119736469e-07,,NOT_COMPUTED,False,False,False,False,0.29491975880184035,0.8083196183923326,0.8030418220184925,PA,0.3010029141090163,,,UNASSIGNED_FALSE_POSITIVE,,,,,,,,,,,,50,R5,CAL,LOCAL_CAL_RECALIBRATION,dataset/lipid_name,False,False,True,False,False,False,True,False,False,False,True,False,True,False
MODERATE__CAL_R5_K050,CAL_R5_K050,MODERATE,35,PA-H__0197,PA 20:0_20:0,0.0015291839931880608,2.5822600604640087e-06,COMPUTED,True,False,False,False,0.30857219638826255,0.9341726466812952,0.8971732152464247,PA,0.13310667094001766,,,UNASSIGNED_FALSE_POSITIVE,,,,,,,,,,,,50,R5,CAL,LOCAL_CAL_RECALIBRATION,dataset/lipid_name,False,False,True,False,False,False,True,False,False,False,True,False,True,False
MODERATE__CAL_R5_K050,CAL_R5_K050,MODERATE,36,PA-H__0198,PA 20:0_20:1,2.543465650397027e-08,,NOT_COMPUTED,False,False,False,False,0.2700502904887188,0.7565930817931681,0.6960378383676507,PA,0.447954812251149,,,UNASSIGNED_FALSE_POSITIVE,,,,,,,,,,,,50,R5,CAL,LOCAL_CAL_RECALIBRATION,dataset/lipid_name,False,False,True,False,False,False,True,False,False,False,True,False,True,False
MODERATE__CAL_R5_K050,CAL_R5_K050,MODERATE,37,PA-H__0199,PA 20:0_20:2,0.0,,NOT_COMPUTED,False,False,False,False,0.2807555140432376,0.7492730089935543,0.6350781709113766,PA,0.49169235917013354,,,UNASSIGNED_FALSE_POSITIVE,,,,,,,,,,,,50,R5,CAL,LOCAL_CAL_RECALIBRATION,dataset/lipid_name,False,False,True,False,False,False,True,False,False,False,True,False,True,False
MODERATE__CAL_R5_K050,CAL_R5_K050,MODERATE,38,PA-H__0200,PA 20:0_20:3,0.0011592311911341317,9.955692474010012e-06,COMPUTED,True,False,False,False,0.28594755195446475,0.8048190171061798,0.7203920412647556,PA,0.4076195370011738,,,UNASSIGNED_FALSE_POSITIVE,,,,,,,,,,,,50,R5,CAL,LOCAL_CAL_RECALIBRATION,dataset/lipid_name,False,False,True,False,False,False,True,False,False,False,True,False,True,False
MODERATE__CAL_R5_K050,CAL_R5_K050,MODERATE,39,PA-H__0201,PA 20:0_20:4,4.88105192147146e-07,,NOT_COMPUTED,False,False,False,False,0.1645114953783594,0.8957566529041909,0.8619613486853611,PA,0.3424625013635971,,,UNASSIGNED_FALSE_POSITIVE,,,,,,,,,,,,50,R5,CAL,LOCAL_CAL_RECALIBRATION,dataset/lipid_name,False,False,True,False,False,False,True,False,False,False,True,False,True,False
MODERATE__CAL_R5_K050,CAL_R5_K050,MODERATE,40,PA-H__0202,PA 20:0_20:5,0.0,,NOT_COMPUTED,False,False,False,False,0.18367672004065808,0.9361340206999159,0.9175683792240663,PA,0.2139012841901092,,,UNASSIGNED_FALSE_POSITIVE,,,,,,,,,,,,50,R5,CAL,LOCAL_CAL_RECALIBRATION,dataset/lipid_name,False,False,True,False,False,False,True,False,False,False,True,False,True,False
MODERATE__CAL_R5_K050,CAL_R5_K050,MODERATE,41,PA-H__0204,PA 20:0_22:1,3.456536372547808e-07,,NOT_COMPUTED,False,False,False,False,0.3017443733307278,0.7600275012777736,0.7258338470317759,PA,0.3861256918000734,,,UNASSIGNED_FALSE_POSITIVE,,,,,,,,,,,,50,R5,CAL,LOCAL_CAL_RECALIBRATION,dataset/lipid_name,False,False,True,False,False,False,True,False,False,False,True,False,True,False
MODERATE__CAL_R5_K050,CAL_R5_K050,MODERATE,42,PA-H__0205,PA 20:0_22:2,0.0,,NOT_COMPUTED,False,False,False,False,0.3285634366810597,0.6941352616525697,0.6532726123926598,PA,0.4285593366507624,,,UNASSIGNED_FALSE_POSITIVE,,,,,,,,,,,,50,R5,CAL,LOCAL_CAL_RECALIBRATION,dataset/lipid_name,False,False,True,False,False,False,True,False,False,False,True,False,True,False
MODERATE__CAL_R5_K050,CAL_R5_K050,MODERATE,43,PA-H__0206,PA 20:0_22:3,3.703011184850942e-07,,NOT_COMPUTED,False,False,False,False,0.3047114646464892,0.6917588469202741,0.6545603952551788,PA,0.45129825021396425,,,UNASSIGNED_FALSE_POSITIVE,,,,,,,,,,,,50,R5,CAL,LOCAL_CAL_RECALIBRATION,dataset/lipid_name,False,False,True,False,False,False,True,False,False,False,True,False,True,False
MODERATE__CAL_R5_K050,CAL_R5_K050,MODERATE,44,PA-H__0207,PA 20:0_22:4,0.0,,NOT_COMPUTED,False,False,False,False,0.241048023112079,0.8303328039494347,0.811768772008992,PA,0.3429309669132585,,,UNASSIGNED_FALSE_POSITIVE,,,,,,,,,,,,50,R5,CAL,LOCAL_CAL_RECALIBRATION,dataset/lipid_name,False,False,True,False,False,False,True,False,False,False,True,False,True,False
MODERATE__CAL_R5_K050,CAL_R5_K050,MODERATE,45,PA-H__0208,PA 20:0_22:5,0.0001057372788083364,,NOT_COMPUTED,False,False,False,False,0.18797776572568772,0.9337578006589683,0.9226232034454928,PA,0.19772474199752751,,,UNASSIGNED_FALSE_POSITIVE,,,,,,,,,,,,50,R5,CAL,LOCAL_CAL_RECALIBRATION,dataset/lipid_name,False,False,True,False,False,False,True,False,False,False,True,False,True,False
MODERATE__CAL_R5_K050,CAL_R5_K050,MODERATE,46,PA-H__0209,PA 20:0_22:6,0.0,,NOT_COMPUTED,False,False,False,False,0.18342642508946627,0.9361340206999159,0.9226232034454928,PA,0.20227608263374897,,,UNASSIGNED_FALSE_POSITIVE,,,,,,,,,,,,50,R5,CAL,LOCAL_CAL_RECALIBRATION,dataset/lipid_name,False,False,True,False,False,False,True,False,False,False,True,False,True,False
MODERATE__CAL_R5_K050,CAL_R5_K050,MODERATE,47,PA-H__0217,PA 20:1_20:1,0.0008398832036403878,,NOT_COMPUTED,False,False,False,False,0.4231895167566119,0.9753576763078726,0.6587714343940032,PA,0.3291536211973855,,,UNASSIGNED_FALSE_POSITIVE,,,,,,,,,,,,50,R5,CAL,LOCAL_CAL_RECALIBRATION,dataset/lipid_name,False,False,True,False,False,False,True,False,False,False,True,False,True,False
MODERATE__CAL_R5_K050,CAL_R5_K050,MODERATE,48,PA-H__0218,PA 20:1_20:2,0.01660975452676067,6.36933052117498e-05,COMPUTED,True,True,True,True,0.4799544894237642,0.9253440230489325,0.6127851649721114,PA,0.31029505444836114,B1_U9_U37,37,spectral_easy_spatial_high,0.15578981937602626,0.15053530377668312,0.15053530377668312,0.15578981937602626,0.0,0.0,0.0,0.0,210,0.997240101315944,0.5340342571614348,50,R5,CAL,LOCAL_CAL_RECALIBRATION,dataset/lipid_name,False,True,True,True,False,False,True,False,True,False,True,False,True,False
MODERATE__CAL_R5_K050,CAL_R5_K050,MODERATE,49,PA-H__0219,PA 20:1_20:3,0.052733050167385276,0.0003705004322261437,COMPUTED,True,True,True,True,0.2950230689775499,0.8311619582958673,0.670144021014576,PA,0.44720802111394947,B1_U95_U125,95,spectral_hard_spatial_low,0.7451149425287357,0.8009901477832513,0.7451149425287357,0.8009901477832513,0.05022587307821144,0.0661764705882353,0.05302766559774588,0.11301892928657031,349,-0.14165705240466278,2.0,50,R5,CAL,LOCAL_CAL_RECALIBRATION,dataset/lipid_name,False,True,True,True,False,True,True,True,False,True,True,True,True,False
MODERATE__CAL_R5_K050,CAL_R5_K050,MODERATE,50,PA-H__0220,PA 20:1_20:4,0.00014427876210618427,,NOT_COMPUTED,False,False,False,False,0.3008190275753367,0.858855563387748,0.7773054894334199,PA,0.3283043117601799,,,UNASSIGNED_FALSE_POSITIVE,,,,,,,,,,,,50,R5,CAL,LOCAL_CAL_RECALIBRATION,dataset/lipid_name,False,False,True,False,False,False,True,False,False,False,True,False,True,False
MODERATE__CAL_R5_K050,CAL_R5_K050,MODERATE,51,PA-H__0222,PA 22:0_20:1,1.303301425922697e-07,,NOT_COMPUTED,False,False,False,False,0.4020166500263304,0.8495611434984474,0.7558192210470013,PA,0.2527636987135384,,,UNASSIGNED_FALSE_POSITIVE,,,,,,,,,,,,50,R5,CAL,LOCAL_CAL_RECALIBRATION,dataset/lipid_name,False,False,True,False,False,False,True,False,False,False,True,False,True,False
MODERATE__CAL_R5_K050,CAL_R5_K050,MODERATE,52,PA-H__0223,PA 20:1_22:1,1.241345787248565e-06,,NOT_COMPUTED,False,False,False,False,0.48292710886676304,0.8982874947005188,0.7105340184716673,PA,0.22073574264275386,,,UNASSIGNED_FALSE_POSITIVE,,,,,,,,,,,,50,R5,CAL,LOCAL_CAL_RECALIBRATION,dataset/lipid_name,False,False,True,False,False,False,True,False,False,False,True,False,True,False
MODERATE__CAL_R5_K050,CAL_R5_K050,MODERATE,53,PA-H__0224,PA 20:1_22:2,0.0001660510122075998,,NOT_COMPUTED,False,False,False,False,0.34352237197995034,0.9019786006016902,0.8163714083818836,PA,0.2340048772270285,,,UNASSIGNED_FALSE_POSITIVE,,,,,,,,,,,,50,R5,CAL,LOCAL_CAL_RECALIBRATION,dataset/lipid_name,False,False,True,False,False,False,True,False,False,False,True,False,True,False
MODERATE__CAL_R5_K050,CAL_R5_K050,MODERATE,54,PA-H__0225,PA 20:1_22:3,0.0004941515947494363,,NOT_COMPUTED,False,False,False,False,0.33476954438953394,0.8781031661032047,0.8136488404920164,PA,0.24658711409645712,,,UNASSIGNED_FALSE_POSITIVE,,,,,,,,,,,,50,R5,CAL,LOCAL_CAL_RECALIBRATION,dataset/lipid_name,False,False,True,False,False,False,True,False,False,False,True,False,True,False
MODERATE__CAL_R5_K050,CAL_R5_K050,MODERATE,55,PA-H__0226,PA 20:1_22:4,0.004178370634050411,0.0,COMPUTED,True,False,False,False,0.34668458838690386,0.780619943822926,0.7254488250437023,PA,0.3415915206294644,,,UNASSIGNED_FALSE_POSITIVE,,,,,,,,,,,,50,R5,CAL,LOCAL_CAL_RECALIBRATION,dataset/lipid_name,False,False,True,False,False,False,True,False,False,False,True,False,True,False
MODERATE__CAL_R5_K050,CAL_R5_K050,MODERATE,56,PA-H__0227,PA 20:1_22:5,0.000659249140897728,,NOT_COMPUTED,False,False,False,False,0.22030580527220145,0.8930555529932804,0.8753112931195504,PA,0.2632540567277174,,,UNASSIGNED_FALSE_POSITIVE,,,,,,,,,,,,50,R5,CAL,LOCAL_CAL_RECALIBRATION,dataset/lipid_name,False,False,True,False,False,False,True,False,False,False,True,False,True,False
MODERATE__CAL_R5_K050,CAL_R5_K050,MODERATE,57,PA-H__0228,PA 20:1_22:6,0.0038622316094742795,0.0,COMPUTED,True,False,False,False,0.23670331410171605,0.9753576763078726,0.8753112931195504,PA,0.2468565478982028,,,UNASSIGNED_FALSE_POSITIVE,,,,,,,,,,,,50,R5,CAL,LOCAL_CAL_RECALIBRATION,dataset/lipid_name,False,False,True,False,False,False,True,False,False,False,True,False,True,False
MODERATE__CAL_R5_K050,CAL_R5_K050,MODERATE,58,PA-H__0236,PA 20:2_20:2,0.019770921646756534,2.77360564240435e-05,COMPUTED,True,True,True,True,0.4107496994340883,0.9505388151236878,0.7219248581633445,PA,0.2812217589121609,B1_U59_U80,80,spectral_hard_spatial_low,0.679983579638752,0.7071789819376026,0.679983579638752,0.7071789819376026,0.12131038262682024,0.13592233009708737,0.062262277778382835,0.0,285,-0.16176088069864877,0.5,50,R5,CAL,LOCAL_CAL_RECALIBRATION,dataset/lipid_name,False,False,True,False,True,False,True,False,True,False,True,False,True,False
MODERATE__CAL_R5_K050,CAL_R5_K050,MODERATE,59,PA-H__0237,PA 20:2_20:3,2.4249774704063885e-06,,NOT_COMPUTED,False,False,False,False,0.5731558925579161,0.7541480424155057,0.5477421399094071,PA,0.2634913139559546,,,UNASSIGNED_FALSE_POSITIVE,,,,,,,,,,,,50,R5,CAL,LOCAL_CAL_RECALIBRATION,dataset/lipid_name,False,False,True,False,False,False,True,False,False,False,True,False,True,False
MODERATE__CAL_R5_K050,CAL_R5_K050,MODERATE,60,PA-H__0241,PA 22:1_20:2,4.463788302141898e-07,,NOT_COMPUTED,False,False,False,False,0.43337633237958284,0.8789327040599717,0.709852279634953,PA,0.27097424872123554,,,UNASSIGNED_FALSE_POSITIVE,,,,,,,,,,,,50,R5,CAL,LOCAL_CAL_RECALIBRATION,dataset/lipid_name,False,False,True,False,False,False,True,False,False,False,True,False,True,False
MODERATE__CAL_R5_K050,CAL_R5_K050,MODERATE,61,PA-H__0244,PA 20:2_22:4,7.283919185049286e-07,,NOT_COMPUTED,False,False,False,False,0.37047771471182533,0.7482238559770684,0.6566445052131067,PA,0.3837225198236953,,,UNASSIGNED_FALSE_POSITIVE,,,,,,,,,,,,50,R5,CAL,LOCAL_CAL_RECALIBRATION,dataset/lipid_name,False,False,True,False,False,False,True,False,False,False,True,False,True,False
MODERATE__CAL_R5_K050,CAL_R5_K050,MODERATE,62,PA-H__0246,PA 20:2_22:6,0.0005764138583773864,,NOT_COMPUTED,False,False,False,False,0.2611282723143124,0.9505388151236878,0.8852934172669955,PA,0.20390459248529008,,,UNASSIGNED_FALSE_POSITIVE,,,,,,,,,,,,50,R5,CAL,LOCAL_CAL_RECALIBRATION,dataset/lipid_name,False,False,True,False,False,False,True,False,False,False,True,False,True,False
MODERATE__CAL_R5_K050,CAL_R5_K050,MODERATE,63,PA-H__0257,PA 22:0_20:3,2.3365858349424683e-07,,NOT_COMPUTED,False,False,False,False,0.4070101497165706,0.700138513759436,0.6042594435163927,PA,0.38977747877753405,,,UNASSIGNED_FALSE_POSITIVE,,,,,,,,,,,,50,R5,CAL,LOCAL_CAL_RECALIBRATION,dataset/lipid_name,False,False,True,False,False,False,True,False,False,False,True,False,True,False
MODERATE__CAL_R5_K050,CAL_R5_K050,MODERATE,64,PA-H__0258,PA 22:1_20:3,0.0009204288531211632,,NOT_COMPUTED,False,False,False,False,0.47201880717776407,0.8266719825061805,0.6924512402766023,PA,0.24944586960093668,,,UNASSIGNED_FALSE_POSITIVE,,,,,,,,,,,,50,R5,CAL,LOCAL_CAL_RECALIBRATION,dataset/lipid_name,False,False,True,False,False,False,True,False,False,False,True,False,True,False
MODERATE__CAL_R5_K050,CAL_R5_K050,MODERATE,65,PA-H__0260,PA 20:3_22:3,0.0,,NOT_COMPUTED,False,False,False,False,0.506993961836033,0.7157981623972003,0.620434407568295,PA,0.2772643794682714,,,UNASSIGNED_FALSE_POSITIVE,,,,,,,,,,,,50,R5,CAL,LOCAL_CAL_RECALIBRATION,dataset/lipid_name,False,False,True,False,False,False,True,False,False,False,True,False,True,False
MODERATE__CAL_R5_K050,CAL_R5_K050,MODERATE,66,PA-H__0261,PA 20:3_22:4,0.001094788445426003,0.0,COMPUTED,True,False,False,False,0.402579539322542,0.7488776965339671,0.7085761609870266,PA,0.3030548023026991,,,UNASSIGNED_FALSE_POSITIVE,,,,,,,,,,,,50,R5,CAL,LOCAL_CAL_RECALIBRATION,dataset/lipid_name,False,False,True,False,False,False,True,False,False,False,True,False,True,False
MODERATE__CAL_R5_K050,CAL_R5_K050,MODERATE,67,PA-H__0263,PA 20:3_22:6,0.0032419978223904083,1.5640820219690514e-18,COMPUTED,True,False,False,False,0.2764948485403268,0.8594976666654472,0.8481349059300173,PA,0.2532854656872602,,,UNASSIGNED_FALSE_POSITIVE,,,,,,,,,,,,50,R5,CAL,LOCAL_CAL_RECALIBRATION,dataset/lipid_name,False,False,True,False,False,False,True,False,False,False,True,False,True,False
MODERATE__CAL_R5_K050,CAL_R5_K050,MODERATE,68,PA-H__0273,PA 22:0_20:4,1.078346813426517e-06,,NOT_COMPUTED,False,False,False,False,0.4550397992700734,0.7513055221510871,0.6086104523982676,PA,0.3384293666283728,,,UNASSIGNED_FALSE_POSITIVE,,,,,,,,,,,,50,R5,CAL,LOCAL_CAL_RECALIBRATION,dataset/lipid_name,False,False,True,False,False,False,True,False,False,False,True,False,True,False
MODERATE__CAL_R5_K050,CAL_R5_K050,MODERATE,69,PA-H__0274,PA 22:1_20:4,0.018610776715821453,0.00011264857982673644,COMPUTED,True,True,True,True,0.4982506449670433,0.7912873858859593,0.6692801545595407,PA,0.24475949945411957,B1_U59_U80,59,spectral_hard_spatial_low,0.679983579638752,0.7071789819376026,0.679983579638752,0.7071789819376026,0.12131038262682024,0.13592233009708737,0.062262277778382835,0.0,338,-0.16176088069864877,0.7303443264893795,50,R5,CAL,LOCAL_CAL_RECALIBRATION,dataset/lipid_name,False,True,True,True,False,False,True,False,True,False,True,False,True,False
MODERATE__CAL_R5_K050,CAL_R5_K050,MODERATE,70,PA-H__0275,PA 22:2_20:4,4.613262371203548e-08,,NOT_COMPUTED,False,False,False,False,0.47434523544092577,0.782540752402415,0.5657478608154209,PA,0.35023305555561457,,,UNASSIGNED_FALSE_POSITIVE,,,,,,,,,,,,50,R5,CAL,LOCAL_CAL_RECALIBRATION,dataset/lipid_name,False,False,True,False,False,False,True,False,False,False,True,False,True,False
MODERATE__CAL_R5_K050,CAL_R5_K050,MODERATE,71,PA-H__0276,PA 22:3_20:4,0.0,,NOT_COMPUTED,False,False,False,False,0.5133313032763523,0.857899231006412,0.7294435960195339,PA,0.17070966057456427,,,UNASSIGNED_FALSE_POSITIVE,,,,,,,,,,,,50,R5,CAL,LOCAL_CAL_RECALIBRATION,dataset/lipid_name,False,False,True,False,False,False,True,False,False,False,True,False,True,False
MODERATE__CAL_R5_K050,CAL_R5_K050,MODERATE,72,PA-H__0277,PA 20:4_22:4,0.0017244904293805046,3.242348577081992e-06,COMPUTED,True,False,False,False,0.48634054946811606,0.6664725514235691,0.6353761278352141,PA,0.28586225820427874,,,UNASSIGNED_FALSE_POSITIVE,,,,,,,,,,,,50,R5,CAL,LOCAL_CAL_RECALIBRATION,dataset/lipid_name,False,False,True,False,False,False,True,False,False,False,True,False,True,False
MODERATE__CAL_R5_K050,CAL_R5_K050,MODERATE,73,PA-H__0278,PA 20:4_22:5,6.667192248921444e-05,,NOT_COMPUTED,False,False,False,False,0.3445703765702606,0.8204180243532724,0.7982095721390224,PA,0.25780946949502626,,,UNASSIGNED_FALSE_POSITIVE,,,,,,,,,,,,50,R5,CAL,LOCAL_CAL_RECALIBRATION,dataset/lipid_name,False,False,True,False,False,False,True,False,False,False,True,False,True,False
MODERATE__CAL_R5_K050,CAL_R5_K050,MODERATE,74,PA-H__0279,PA 20:4_22:6,0.0,,NOT_COMPUTED,False,False,False,False,0.27117341147389906,0.8204180243532724,0.7982095721390224,PA,0.33120643459138777,,,UNASSIGNED_FALSE_POSITIVE,,,,,,,,,,,,50,R5,CAL,LOCAL_CAL_RECALIBRATION,dataset/lipid_name,False,False,True,False,False,False,True,False,False,False,True,False,True,False
MODERATE__CAL_R5_K050,CAL_R5_K050,MODERATE,75,PA-H__0289,PA 22:1_20:5,1.1224057150209252e-07,,NOT_COMPUTED,False,False,False,False,0.35373566324826666,0.8941830868357824,0.811451302003605,PA,0.2306843778836697,,,UNASSIGNED_FALSE_POSITIVE,,,,,,,,,,,,50,R5,CAL,LOCAL_CAL_RECALIBRATION,dataset/lipid_name,False,False,True,False,False,False,True,False,False,False,True,False,True,False
MODERATE__CAL_R5_K050,CAL_R5_K050,MODERATE,76,PA-H__0344,PA 22:3_22:6,0.0016418003831910868,6.9106879249045715e-06,COMPUTED,True,False,False,False,0.27640168722125424,0.8781031661032047,0.8510618155395758,PA,0.24866381929243875,,,UNASSIGNED_FALSE_POSITIVE,,,,,,,,,,,,50,R5,CAL,LOCAL_CAL_RECALIBRATION,dataset/lipid_name,False,False,True,False,False,False,True,False,False,False,True,False,True,False
MODERATE__CAL_R5_K050,CAL_R5_K050,MODERATE,77,PA-H__0353,PA 22:4_22:5,0.013603722322997728,7.85739792615015e-05,COMPUTED,True,True,True,True,0.3689568116282089,0.8791048786261756,0.824277161053695,PA,0.19722969630469922,B2_U43_U133,43,spectral_hard_spatial_high,0.896121510673235,0.8493119868637111,0.8493119868637111,0.896121510673235,0.8791048786261756,0.7721518987341772,0.824277161053695,0.12927863446635213,352,0.9960863990609468,0.689110922829001,50,R5,CAL,LOCAL_CAL_RECALIBRATION,dataset/lipid_name,False,True,True,True,False,False,True,False,True,False,True,False,True,False
MODERATE__CAL_R5_K050,CAL_R5_K050,MODERATE,78,PA-H__0354,PA 22:4_22:6,0.007744620972817625,9.618546825682611e-06,COMPUTED,True,True,True,True,0.21443724145284473,0.8791048786261756,0.824277161053695,PA,0.35174926648006344,B2_U43_U133,133,spectral_hard_spatial_high,0.896121510673235,0.8493119868637111,0.8493119868637111,0.896121510673235,0.8791048786261756,0.7721518987341772,0.824277161053695,0.12927863446635213,352,0.9960863990609468,0.5,50,R5,CAL,LOCAL_CAL_RECALIBRATION,dataset/lipid_name,False,False,True,False,True,False,True,False,True,False,True,False,True,False
MODERATE__CAL_R5_K050,CAL_R5_K050,MODERATE,79,PA-H__0362,PA 22:5_22:5,0.0,,NOT_COMPUTED,False,False,False,False,0.37471749963267753,0.9264320052062154,0.8877391609823168,PA,0.08562930665407442,,,UNASSIGNED_FALSE_POSITIVE,,,,,,,,,,,,50,R5,CAL,LOCAL_CAL_RECALIBRATION,dataset/lipid_name,False,False,True,False,False,False,True,False,False,False,True,False,True,False
MODERATE__CAL_R5_K050,CAL_R5_K050,MODERATE,80,PA-H__0363,PA 22:5_22:6,0.0,,NOT_COMPUTED,False,False,False,False,0.2059912863450382,0.9264320052062154,0.8877391609823168,PA,0.2543555199417138,,,UNASSIGNED_FALSE_POSITIVE,,,,,,,,,,,,50,R5,CAL,LOCAL_CAL_RECALIBRATION,dataset/lipid_name,False,False,True,False,False,False,True,False,False,False,True,False,True,False
MODERATE__CAL_R5_K050,CAL_R5_K050,MODERATE,81,PA-H__0371,PA 22:6_22:6,4.4880657307269667e-07,,NOT_COMPUTED,False,False,False,False,0.5618631902016936,0.691000163096786,0.6634502848656465,PA,0.18635717808006635,,,UNASSIGNED_FALSE_POSITIVE,,,,,,,,,,,,50,R5,CAL,LOCAL_CAL_RECALIBRATION,dataset/lipid_name,False,False,True,False,False,False,True,False,False,False,True,False,True,False
MODERATE__CAL_R5_K050,CAL_R5_K050,MODERATE,82,PS-H__0036,PS 14:0_20:0,0.0,,NOT_COMPUTED,False,False,False,False,0.6390062445975,0.6039215648852556,0.5917821634870438,PS,0.16709168430356958,,,UNASSIGNED_FALSE_POSITIVE,,,,,,,,,,,,50,R5,CAL,LOCAL_CAL_RECALIBRATION,dataset/lipid_name,False,False,True,False,False,False,True,False,False,False,True,False,True,False
MODERATE__CAL_R5_K050,CAL_R5_K050,MODERATE,83,PS-H__0037,PS 14:0_20:1,0.0,,NOT_COMPUTED,False,False,False,False,0.6452509214029478,0.5669019742880855,0.5507237251352834,PS,0.1894366719953947,,,UNASSIGNED_FALSE_POSITIVE,,,,,,,,,,,,50,R5,CAL,LOCAL_CAL_RECALIBRATION,dataset/lipid_name,False,False,True,False,False,False,True,False,False,False,True,False,True,False
MODERATE__CAL_R5_K050,CAL_R5_K050,MODERATE,84,PS-H__0042,PS 14:0_22:0,3.6127574130034775e-05,,NOT_COMPUTED,False,False,False,False,0.755911282254363,0.4966771953016806,0.42064733146849337,PS,0.15131295823331015,,,UNASSIGNED_FALSE_POSITIVE,,,,,,,,,,,,50,R5,CAL,LOCAL_CAL_RECALIBRATION,dataset/lipid_name,False,False,True,False,False,False,True,False,False,False,True,False,True,False
MODERATE__CAL_R5_K050,CAL_R5_K050,MODERATE,85,PS-H__0043,PS 14:0_22:1,4.874218638939473e-06,,NOT_COMPUTED,False,False,False,False,0.7566456616873307,0.5529261261358074,0.3776688339649247,PS,0.1692950771569941,,,UNASSIGNED_FALSE_POSITIVE,,,,,,,,,,,,50,R5,CAL,LOCAL_CAL_RECALIBRATION,dataset/lipid_name,False,False,True,False,False,False,True,False,False,False,True,False,True,False
MODERATE__CAL_R5_K050,CAL_R5_K050,MODERATE,86,PS-H__0044,PS 14:0_22:2,0.0,,NOT_COMPUTED,False,False,False,False,0.4826107446087538,0.6351598729298585,0.8421239646187574,PS,0.056673251273551106,,,UNASSIGNED_FALSE_POSITIVE,,,,,,,,,,,,50,R5,CAL,LOCAL_CAL_RECALIBRATION,dataset/lipid_name,False,False,True,False,False,False,True,False,False,False,True,False,True,False
MODERATE__CAL_R5_K050,CAL_R5_K050,MODERATE,87,PS-H__0045,PS 14:0_22:3,0.0,,NOT_COMPUTED,False,False,False,False,0.41601375018608094,0.6266366484273417,0.8392569801595195,PS,0.12772122317274553,,,UNASSIGNED_FALSE_POSITIVE,,,,,,,,,,,,50,R5,CAL,LOCAL_CAL_RECALIBRATION,dataset/lipid_name,False,False,True,False,False,False,True,False,False,False,True,False,True,False
MODERATE__CAL_R5_K050,CAL_R5_K050,MODERATE,88,PS-H__0046,PS 14:0_22:4,0.0013304483947927648,0.0,COMPUTED,True,False,False,False,0.3282929959935041,0.543623575220217,0.9003462122557829,PS,0.10688133467946276,,,UNASSIGNED_FALSE_POSITIVE,,,,,,,,,,,,50,R5,CAL,LOCAL_CAL_RECALIBRATION,dataset/lipid_name,False,False,True,False,False,False,True,False,False,False,True,False,True,False
MODERATE__CAL_R5_K050,CAL_R5_K050,MODERATE,89,PS-H__0058,PS 16:0_18:0,0.052294012732979796,0.0019041904870710983,COMPUTED,True,True,True,True,0.5338078555993598,0.5969269143482696,0.5956843784845582,PS,0.2694107455482141,B1_U18_U144,18,spectral_easy_spatial_low,0.20493267651888342,0.2025353037766831,0.2025353037766831,0.20493267651888342,0.0,0.0,0.0,0.0,375,-0.23300349967413367,2.0,50,R5,CAL,LOCAL_CAL_RECALIBRATION,dataset/lipid_name,False,True,True,True,False,True,True,True,False,True,True,True,True,False
MODERATE__CAL_R5_K050,CAL_R5_K050,MODERATE,90,PS-H__0059,PS 16:0_18:1,0.0,,NOT_COMPUTED,False,False,False,False,0.47547241841180754,0.6012836678060572,0.6004958373364375,PS,0.3241554633817245,,,UNASSIGNED_FALSE_POSITIVE,,,,,,,,,,,,50,R5,CAL,LOCAL_CAL_RECALIBRATION,dataset/lipid_name,False,False,True,False,False,False,True,False,False,False,True,False,True,False
MODERATE__CAL_R5_K050,CAL_R5_K050,MODERATE,91,PS-H__0060,PS 16:0_18:2,0.017660710767631257,0.00044174037471716787,COMPUTED,True,True,True,True,0.6781582371045598,0.5040174672653055,0.5002817714157587,PS,0.18770442474725524,B2_U4_U74,4,spectral_hard_spatial_high,0.753344827586207,0.5892348111658455,0.5892348111658455,0.753344827586207,0.3843112909970413,0.29357798165137616,0.1885816482983016,0.0,228,0.9939171356406596,0.5,50,R5,CAL,LOCAL_CAL_RECALIBRATION,dataset/lipid_name,False,True,True,True,False,True,True,True,False,False,True,False,True,False
MODERATE__CAL_R5_K050,CAL_R5_K050,MODERATE,92,PS-H__0062,PS 16:0_20:0,0.0111721637963892,9.581196749022644e-07,COMPUTED,True,True,True,True,0.5982023461058829,0.4966771953016806,0.46881418646450934,PS,0.2850944661659719,B2_U23_U146,23,spectral_hard_spatial_low,0.6574581280788178,0.6583152709359607,0.6574581280788178,0.6583152709359607,0.04355266034180107,0.06944444444444445,0.043333667178812665,0.0,287,-0.1173917226648728,0.5340342571614348,50,R5,CAL,LOCAL_CAL_RECALIBRATION,dataset/lipid_name,False,False,True,False,True,False,True,False,True,False,True,False,True,False
MODERATE__CAL_R5_K050,CAL_R5_K050,MODERATE,93,PS-H__0063,PS 16:0_20:1,4.388782801280052e-07,,NOT_COMPUTED,False,False,False,False,0.438433265063827,0.6697914449178625,0.6641534926990753,PS,0.30916297498531836,,,UNASSIGNED_FALSE_POSITIVE,,,,,,,,,,,,50,R5,CAL,LOCAL_CAL_RECALIBRATION,dataset/lipid_name,False,False,True,False,False,False,True,False,False,False,True,False,True,False
MODERATE__CAL_R5_K050,CAL_R5_K050,MODERATE,94,PS-H__0064,PS 16:0_20:2,8.568295407382826e-08,,NOT_COMPUTED,False,False,False,False,0.4254264414636681,0.6085440292908172,0.6058878288272445,PS,0.3701236442499894,,,UNASSIGNED_FALSE_POSITIVE,,,,,,,,,,,,50,R5,CAL,LOCAL_CAL_RECALIBRATION,dataset/lipid_name,False,False,True,False,False,False,True,False,False,False,True,False,True,False
MODERATE__CAL_R5_K050,CAL_R5_K050,MODERATE,95,PS-H__0065,PS 16:0_20:3,1.085797630255458e-06,,NOT_COMPUTED,False,False,False,False,0.31718607034211305,0.6379581944357362,0.8388893290291434,PS,0.2271159539431486,,,UNASSIGNED_FALSE_POSITIVE,,,,,,,,,,,,50,R5,CAL,LOCAL_CAL_RECALIBRATION,dataset/lipid_name,False,False,True,False,False,False,True,False,False,False,True,False,True,False
MODERATE__CAL_R5_K050,CAL_R5_K050,MODERATE,96,PS-H__0066,PS 16:0_20:4,0.010544325796959837,6.807808540937043e-05,COMPUTED,True,True,True,True,0.28261631942641324,0.543623575220217,0.9003462122557829,PS,0.1525580112465536,B2_U4_U74,74,spectral_hard_spatial_high,0.753344827586207,0.5892348111658455,0.5892348111658455,0.753344827586207,0.3843112909970413,0.29357798165137616,0.1885816482983016,0.0,228,0.9939171356406596,0.5,50,R5,CAL,LOCAL_CAL_RECALIBRATION,dataset/lipid_name,False,True,True,True,False,False,True,False,True,False,True,False,True,False
MODERATE__CAL_R5_K050,CAL_R5_K050,MODERATE,97,PS-H__0067,PS 16:0_20:5,0.0,,NOT_COMPUTED,False,False,False,False,0.4925110672748304,0.5885323920958705,0.6553924750820541,PS,0.2627774230424914,,,UNASSIGNED_FALSE_POSITIVE,,,,,,,,,,,,50,R5,CAL,LOCAL_CAL_RECALIBRATION,dataset/lipid_name,False,False,True,False,False,False,True,False,False,False,True,False,True,False
MODERATE__CAL_R5_K050,CAL_R5_K050,MODERATE,98,PS-H__0083,PS 18:0_16:1,0.0,,NOT_COMPUTED,False,False,False,False,0.4974005788167513,0.5669019742880855,0.5507237251352834,PS,0.3372870145815912,,,UNASSIGNED_FALSE_POSITIVE,,,,,,,,,,,,50,R5,CAL,LOCAL_CAL_RECALIBRATION,dataset/lipid_name,False,False,True,False,False,False,True,False,False,False,True,False,True,False
MODERATE__CAL_R5_K050,CAL_R5_K050,MODERATE,99,PS-H__0084,PS 16:1_18:1,0.0,,NOT_COMPUTED,False,False,False,False,0.5162932804885375,0.7088748688362516,0.7013033019364238,PS,0.1965697348889397,,,UNASSIGNED_FALSE_POSITIVE,,,,,,,,,,,,50,R5,CAL,LOCAL_CAL_RECALIBRATION,dataset/lipid_name,False,False,True,False,False,False,True,False,False,False,True,False,True,False
MODERATE__CAL_R5_K050,CAL_R5_K050,MODERATE,100,PS-H__0087,PS 20:0_16:1,0.0,,NOT_COMPUTED,False,False,False,False,0.49681824282241865,0.5478869149773706,0.5411661615055257,PS,0.34409744001467496,,,UNASSIGNED_FALSE_POSITIVE,,,,,,,,,,,,50,R5,CAL,LOCAL_CAL_RECALIBRATION,dataset/lipid_name,False,False,True,False,False,False,True,False,False,False,True,False,True,False
MODERATE__CAL_R5_K050,CAL_R5_K050,MODERATE,101,PS-H__0088,PS 16:1_20:1,5.131226164544029e-05,,NOT_COMPUTED,False,False,False,False,0.4129541991564398,0.5415506422933887,0.8421239646187574,PS,0.12632979672586508,,,UNASSIGNED_FALSE_POSITIVE,,,,,,,,,,,,50,R5,CAL,LOCAL_CAL_RECALIBRATION,dataset/lipid_name,False,False,True,False,False,False,True,False,False,False,True,False,True,False
MODERATE__CAL_R5_K050,CAL_R5_K050,MODERATE,102,PS-H__0089,PS 16:1_20:2,1.2388800494262287e-06,,NOT_COMPUTED,False,False,False,False,0.399126245510874,0.563048838323171,0.8392569801595195,PS,0.14460872784795248,,,UNASSIGNED_FALSE_POSITIVE,,,,,,,,,,,,50,R5,CAL,LOCAL_CAL_RECALIBRATION,dataset/lipid_name,False,False,True,False,False,False,True,False,False,False,True,False,True,False
MODERATE__CAL_R5_K050,CAL_R5_K050,MODERATE,103,PS-H__0090,PS 16:1_20:3,0.0017653119377262962,3.128164043938103e-18,COMPUTED,True,False,False,False,0.34984059386853866,0.5074650921831881,0.8789619070758706,PS,0.12705139171053204,,,UNASSIGNED_FALSE_POSITIVE,,,,,,,,,,,,50,R5,CAL,LOCAL_CAL_RECALIBRATION,dataset/lipid_name,False,False,True,False,False,False,True,False,False,False,True,False,True,False
MODERATE__CAL_R5_K050,CAL_R5_K050,MODERATE,104,PS-H__0091,PS 16:1_20:4,0.0,,NOT_COMPUTED,False,False,False,False,0.6316414058973379,0.55604981646135,0.6553924750820541,PS,0.12364708441998395,,,UNASSIGNED_FALSE_POSITIVE,,,,,,,,,,,,50,R5,CAL,LOCAL_CAL_RECALIBRATION,dataset/lipid_name,False,False,True,False,False,False,True,False,False,False,True,False,True,False
MODERATE__CAL_R5_K050,CAL_R5_K050,MODERATE,105,PS-H__0107,PS 18:0_18:0,0.005411582875699036,0.00013062096609765356,COMPUTED,True,False,False,False,0.4331045541325963,0.7822407069839156,0.7805572307978421,PS,0.19197976773862468,,,UNASSIGNED_FALSE_POSITIVE,,,,,,,,,,,,50,R5,CAL,LOCAL_CAL_RECALIBRATION,dataset/lipid_name,False,True,True,True,False,False,True,False,False,False,True,False,True,False
MODERATE__CAL_R5_K050,CAL_R5_K050,MODERATE,106,PS-H__0108,PS 18:0_18:1,0.0,,NOT_COMPUTED,False,False,False,False,0.5024918162288118,0.5824944035603653,0.5811253535349179,PS,0.31132224329517844,,,UNASSIGNED_FALSE_POSITIVE,,,,,,,,,,,,50,R5,CAL,LOCAL_CAL_RECALIBRATION,dataset/lipid_name,False,False,True,False,False,False,True,False,False,False,True,False,True,False
MODERATE__CAL_R5_K050,CAL_R5_K050,MODERATE,107,PS-H__0109,PS 18:0_18:2,0.0,,NOT_COMPUTED,False,False,False,False,0.541157843513578,0.6351598729298585,0.6058878288272445,PS,0.2543922422000795,,,UNASSIGNED_FALSE_POSITIVE,,,,,,,,,,,,50,R5,CAL,LOCAL_CAL_RECALIBRATION,dataset/lipid_name,False,False,True,False,False,False,True,False,False,False,True,False,True,False
MODERATE__CAL_R5_K050,CAL_R5_K050,MODERATE,108,PS-H__0110,PS 18:0_18:3,0.0,,NOT_COMPUTED,False,False,False,False,0.5738266720137706,0.6379581944357362,0.5450127737114232,PS,0.264601068755451,,,UNASSIGNED_FALSE_POSITIVE,,,,,,,,,,,,50,R5,CAL,LOCAL_CAL_RECALIBRATION,dataset/lipid_name,False,False,True,False,False,False,True,False,False,False,True,False,True,False
MODERATE__CAL_R5_K050,CAL_R5_K050,MODERATE,109,PS-H__0131,PS 18:1_18:1,0.0,,NOT_COMPUTED,False,False,False,False,0.40966522110944875,0.7550139637638565,0.7530106946391664,PS,0.24834305677088325,,,UNASSIGNED_FALSE_POSITIVE,,,,,,,,,,,,50,R5,CAL,LOCAL_CAL_RECALIBRATION,dataset/lipid_name,False,False,True,False,False,False,True,False,False,False,True,False,True,False
MODERATE__CAL_R5_K050,CAL_R5_K050,MODERATE,110,PS-H__0132,PS 18:1_18:2,0.0,,NOT_COMPUTED,False,False,False,False,0.5035381539353998,0.5475678123279634,0.5450127737114232,PS,0.33488958683382175,,,UNASSIGNED_FALSE_POSITIVE,,,,,,,,,,,,50,R5,CAL,LOCAL_CAL_RECALIBRATION,dataset/lipid_name,False,False,True,False,False,False,True,False,False,False,True,False,True,False
MODERATE__CAL_R5_K050,CAL_R5_K050,MODERATE,111,PS-H__0133,PS 18:1_18:3,1.606763814729713e-05,,NOT_COMPUTED,False,False,False,False,0.6381277857367744,0.5253007492314473,0.484962105391494,PS,0.23640738012806917,,,UNASSIGNED_FALSE_POSITIVE,,,,,,,,,,,,50,R5,CAL,LOCAL_CAL_RECALIBRATION,dataset/lipid_name,False,False,True,False,False,False,True,False,False,False,True,False,True,False
MODERATE__CAL_R5_K050,CAL_R5_K050,MODERATE,112,PS-H__0154,PS 18:2_18:2,0.0008831084844166306,,NOT_COMPUTED,False,False,False,False,0.48970262007816334,0.7776225381848841,0.7708922887506152,PS,0.14726290422031718,,,UNASSIGNED_FALSE_POSITIVE,,,,,,,,,,,,50,R5,CAL,LOCAL_CAL_RECALIBRATION,dataset/lipid_name,False,False,True,False,False,False,True,False,False,False,True,False,True,False
MODERATE__CAL_R5_K050,CAL_R5_K050,MODERATE,113,PS-H__0456,PS 17:0_18:1,9.253243673540138e-07,,NOT_COMPUTED,False,False,False,False,0.6537549379034493,0.5358578664393875,0.5369671105815844,PS,0.1898482402281083,,,UNASSIGNED_FALSE_POSITIVE,,,,,,,,,,,,50,R5,CAL,LOCAL_CAL_RECALIBRATION,dataset/lipid_name,False,False,True,False,False,False,True,False,False,False,True,False,True,False
MODERATE__CAL_R5_K050,CAL_R5_K050,MODERATE,114,PS-H__0457,PS 17:0_18:2,0.05810883375504096,0.010147782018410637,COMPUTED,True,True,True,True,0.8592744291053689,0.42774736234787014,0.42497146944658676,PS,0.04593231532178621,B1_U3_U136,3,spectral_easy_spatial_high,0.20836124794745484,0.2082495894909688,0.2082495894909688,0.20836124794745484,0.0,0.0,0.0,0.0,85,0.9938644440036115,2.0,50,R5,CAL,LOCAL_CAL_RECALIBRATION,dataset/lipid_name,False,True,True,True,False,True,True,True,False,True,True,True,True,False
MODERATE__CAL_R5_K050,CAL_R5_K050,MODERATE,115,PS-H__0477,PS 18:0_17:1,0.0,,NOT_COMPUTED,False,False,False,False,0.5700329198506149,0.552158066910196,0.5504258614480149,PS,0.2648511266188399,,,UNASSIGNED_FALSE_POSITIVE,,,,,,,,,,,,50,R5,CAL,LOCAL_CAL_RECALIBRATION,dataset/lipid_name,False,False,True,False,False,False,True,False,False,False,True,False,True,False
MODERATE__CAL_R5_K050,CAL_R5_K050,MODERATE,116,PE-H__0069,PE 16:0_22:1,0.0005317043916172383,,NOT_COMPUTED,False,False,False,False,0.20454583643989277,0.8508967724619106,0.8469294720807093,PE,0.32715941021570594,,,UNASSIGNED_FALSE_POSITIVE,,,,,,,,,,,,50,R5,CAL,LOCAL_CAL_RECALIBRATION,dataset/lipid_name,False,False,True,False,False,False,True,False,False,False,True,False,True,False
MODERATE__CAL_R5_K050,CAL_R5_K050,MODERATE,117,PE-H__0070,PE 16:0_22:2,0.0011155537817899325,0.0,COMPUTED,True,False,False,False,0.1886425381510025,0.8572487991575071,0.8549196417105,PE,0.3301179135196991,,,UNASSIGNED_FALSE_POSITIVE,,,,,,,,,,,,50,R5,CAL,LOCAL_CAL_RECALIBRATION,dataset/lipid_name,False,False,True,False,False,False,True,False,False,False,True,False,True,False
MODERATE__CAL_R5_K050,CAL_R5_K050,MODERATE,118,PE-H__0071,PE 16:0_22:3,0.0007638369442594909,,NOT_COMPUTED,False,False,False,False,0.17057139729731954,0.8795843067259717,0.8777723219286147,PE,0.3085066243818726,,,UNASSIGNED_FALSE_POSITIVE,,,,,,,,,,,,50,R5,CAL,LOCAL_CAL_RECALIBRATION,dataset/lipid_name,False,False,True,False,False,False,True,False,False,False,True,False,True,False
MODERATE__CAL_R5_K050,CAL_R5_K050,MODERATE,119,PE-H__0072,PE 16:0_22:4,0.0006167452278542567,,NOT_COMPUTED,False,False,False,False,0.15895469448868532,0.9923755383909935,0.9175531099957062,PE,0.2386585476665622,,,UNASSIGNED_FALSE_POSITIVE,,,,,,,,,,,,50,R5,CAL,LOCAL_CAL_RECALIBRATION,dataset/lipid_name,False,False,True,False,False,False,True,False,False,False,True,False,True,False
MODERATE__CAL_R5_K050,CAL_R5_K050,MODERATE,120,PE-H__0073,PE 16:0_22:5,1.0396484093993275e-07,,NOT_COMPUTED,False,False,False,False,0.20118322550403206,0.989185985750406,0.9054249265947024,PE,0.22332319647445553,,,UNASSIGNED_FALSE_POSITIVE,,,,,,,,,,,,50,R5,CAL,LOCAL_CAL_RECALIBRATION,dataset/lipid_name,False,False,True,False,False,False,True,False,False,False,True,False,True,False
MODERATE__CAL_R5_K050,CAL_R5_K050,MODERATE,121,PE-H__0074,PE 16:0_22:6,0.001123299121721783,2.084413681128132e-07,COMPUTED,True,False,False,False,0.314182126552006,0.9755490303044848,0.7991402195004995,PE,0.28696253954484413,,,UNASSIGNED_FALSE_POSITIVE,,,,,,,,,,,,50,R5,CAL,LOCAL_CAL_RECALIBRATION,dataset/lipid_name,False,False,True,False,False,False,True,False,False,False,True,False,True,False
MODERATE__CAL_R5_K050,CAL_R5_K050,MODERATE,122,PE-H__0079,PE 16:0_24:4,0.0014066881178462335,3.128164043938103e-18,COMPUTED,True,False,False,False,0.20377617848089738,0.9122851422164004,0.9087919461652159,PE,0.21347338543168412,,,UNASSIGNED_FALSE_POSITIVE,,,,,,,,,,,,50,R5,CAL,LOCAL_CAL_RECALIBRATION,dataset/lipid_name,False,False,True,False,False,False,True,False,False,False,True,False,True,False
MODERATE__CAL_R5_K050,CAL_R5_K050,MODERATE,123,PE-H__0080,PE 16:0_24:5,0.0,,NOT_COMPUTED,False,False,False,False,0.21271686018449112,0.9348240213453116,0.9300862052110084,PE,0.1546244672974381,,,UNASSIGNED_FALSE_POSITIVE,,,,,,,,,,,,50,R5,CAL,LOCAL_CAL_RECALIBRATION,dataset/lipid_name,False,False,True,False,False,False,True,False,False,False,True,False,True,False
MODERATE__CAL_R5_K050,CAL_R5_K050,MODERATE,124,PE-H__0081,PE 16:0_24:6,0.0,,NOT_COMPUTED,False,False,False,False,0.354462542162506,0.9120817497666402,0.8867746988906713,PE,0.1077393979106176,,,UNASSIGNED_FALSE_POSITIVE,,,,,,,,,,,,50,R5,CAL,LOCAL_CAL_RECALIBRATION,dataset/lipid_name,False,False,True,False,False,False,True,False,False,False,True,False,True,False
MODERATE__CAL_R5_K050,CAL_R5_K050,MODERATE,125,PE-H__0093,PE 22:0_16:1,0.0,,NOT_COMPUTED,False,False,False,False,0.4791490094759039,0.8206488603123235,0.734706930781155,PE,0.1992356350010589,,,UNASSIGNED_FALSE_POSITIVE,,,,,,,,,,,,50,R5,CAL,LOCAL_CAL_RECALIBRATION,dataset/lipid_name,False,False,True,False,False,False,True,False,False,False,True,False,True,False
MODERATE__CAL_R5_K050,CAL_R5_K050,MODERATE,126,PE-H__0094,PE 16:1_22:1,0.0,,NOT_COMPUTED,False,False,False,False,0.29634414058106057,0.6962164662208943,0.6758005235637231,PE,0.4407404219699385,,,UNASSIGNED_FALSE_POSITIVE,,,,,,,,,,,,50,R5,CAL,LOCAL_CAL_RECALIBRATION,dataset/lipid_name,False,False,True,False,False,False,True,False,False,False,True,False,True,False
MODERATE__CAL_R5_K050,CAL_R5_K050,MODERATE,127,PE-H__0095,PE 16:1_22:2,0.0,,NOT_COMPUTED,False,False,False,False,0.1902046504564912,0.8370713096641478,0.8327039416825855,PE,0.3635138208863791,,,UNASSIGNED_FALSE_POSITIVE,,,,,,,,,,,,50,R5,CAL,LOCAL_CAL_RECALIBRATION,dataset/lipid_name,False,False,True,False,False,False,True,False,False,False,True,False,True,False
MODERATE__CAL_R5_K050,CAL_R5_K050,MODERATE,128,PE-H__0096,PE 16:1_22:3,5.185196312882305e-07,,NOT_COMPUTED,False,False,False,False,0.12325824954460242,0.9816952449555878,0.9452978564848522,PE,0.20295021528294271,,,UNASSIGNED_FALSE_POSITIVE,,,,,,,,,,,,50,R5,CAL,LOCAL_CAL_RECALIBRATION,dataset/lipid_name,False,False,True,False,False,False,True,False,False,False,True,False,True,False
MODERATE__CAL_R5_K050,CAL_R5_K050,MODERATE,129,PE-H__0097,PE 16:1_22:4,0.0,,NOT_COMPUTED,False,False,False,False,0.11707440620301834,0.9872300880237134,0.9606032362588356,PE,0.16084900498979865,,,UNASSIGNED_FALSE_POSITIVE,,,,,,,,,,,,50,R5,CAL,LOCAL_CAL_RECALIBRATION,dataset/lipid_name,False,False,True,False,False,False,True,False,False,False,True,False,True,False
MODERATE__CAL_R5_K050,CAL_R5_K050,MODERATE,130,PE-H__0098,PE 16:1_22:5,2.3728621093422323e-08,,NOT_COMPUTED,False,False,False,False,0.16815322958457346,0.9821921171688058,0.9172143942259908,PE,0.23024074002923567,,,UNASSIGNED_FALSE_POSITIVE,,,,,,,,,,,,50,R5,CAL,LOCAL_CAL_RECALIBRATION,dataset/lipid_name,False,False,True,False,False,False,True,False,False,False,True,False,True,False
MODERATE__CAL_R5_K050,CAL_R5_K050,MODERATE,131,PE-H__0099,PE 16:1_22:6,2.2258692607039543e-06,,NOT_COMPUTED,False,False,False,False,0.2519478993591113,0.9780045750710121,0.9234151866260575,PE,0.13185464506752925,,,UNASSIGNED_FALSE_POSITIVE,,,,,,,,,,,,50,R5,CAL,LOCAL_CAL_RECALIBRATION,dataset/lipid_name,False,False,True,False,False,False,True,False,False,False,True,False,True,False
MODERATE__CAL_R5_K050,CAL_R5_K050,MODERATE,132,PE-H__0111,PE 18:0_20:0,0.04122563881120047,0.0009882356771967976,COMPUTED,True,True,True,True,0.40021591861516753,0.8568501347183278,0.7562161979702491,PE,0.2541059149861736,B2_U7_U22,22,spectral_easy_spatial_high,0.16836124794745483,0.15682101806239737,0.15682101806239737,0.16836124794745483,0.0,0.0,0.0,0.0,121,0.9865236566219531,2.0,50,R5,CAL,LOCAL_CAL_RECALIBRATION,dataset/lipid_name,False,True,True,True,False,True,True,True,False,True,True,False,True,False
MODERATE__CAL_R5_K050,CAL_R5_K050,MODERATE,133,PE-H__0112,PE 18:0_20:1,2.361326429318048e-09,,NOT_COMPUTED,False,False,False,False,0.25393425517668783,0.9625905679777863,0.9005810898095516,PE,0.1807537946676117,,,UNASSIGNED_FALSE_POSITIVE,,,,,,,,,,,,50,R5,CAL,LOCAL_CAL_RECALIBRATION,dataset/lipid_name,False,False,True,False,False,False,True,False,False,False,True,False,True,False
MODERATE__CAL_R5_K050,CAL_R5_K050,MODERATE,134,PE-H__0113,PE 18:0_20:2,2.0350485280550083e-06,,NOT_COMPUTED,False,False,False,False,0.20640637141641593,0.9682389481430238,0.9448656056104635,PE,0.12105200354805495,,,UNASSIGNED_FALSE_POSITIVE,,,,,,,,,,,,50,R5,CAL,LOCAL_CAL_RECALIBRATION,dataset/lipid_name,False,False,True,False,False,False,True,False,False,False,True,False,True,False
MODERATE__CAL_R5_K050,CAL_R5_K050,MODERATE,135,PE-H__0114,PE 18:0_20:3,0.00020011172761548086,,NOT_COMPUTED,False,False,False,False,0.19168425851262216,0.9604368385083139,0.9433762539768673,PE,0.1400403915099126,,,UNASSIGNED_FALSE_POSITIVE,,,,,,,,,,,,50,R5,CAL,LOCAL_CAL_RECALIBRATION,dataset/lipid_name,False,False,True,False,False,False,True,False,False,False,True,False,True,False
MODERATE__CAL_R5_K050,CAL_R5_K050,MODERATE,136,PE-H__0115,PE 18:0_20:4,0.03973980113740168,4.7204263735458125e-05,COMPUTED,True,True,True,True,0.22953824843435902,0.9681638035480906,0.9143115872726723,PE,0.17547325927736837,,85,singleton_control,,,,,,,,,136,,2.0,50,R5,CAL,LOCAL_CAL_RECALIBRATION,dataset/lipid_name,False,True,True,True,False,False,True,False,True,True,True,False,True,False
MODERATE__CAL_R5_K050,CAL_R5_K050,MODERATE,137,PE-H__0116,PE 18:0_20:5,0.00016458699612894597,,NOT_COMPUTED,False,False,False,False,0.4239120961696826,0.9850297730134422,0.6681402735052041,PE,0.320123235599173,,,UNASSIGNED_FALSE_POSITIVE,,,,,,,,,,,,50,R5,CAL,LOCAL_CAL_RECALIBRATION,dataset/lipid_name,False,False,True,False,False,False,True,False,False,False,True,False,True,False
MODERATE__CAL_R5_K050,CAL_R5_K050,MODERATE,138,PE-H__0120,PE 18:0_22:3,0.040300658105946796,5.267576417012461e-07,COMPUTED,True,True,True,True,0.13894652703571336,0.9701015028997059,0.9625813127302882,PE,0.13204649203015678,,169,singleton_control,,,,,,,,,139,,1.2101381550740857,50,R5,CAL,LOCAL_CAL_RECALIBRATION,dataset/lipid_name,False,False,True,False,True,False,True,False,True,True,True,False,True,False
MODERATE__CAL_R5_K050,CAL_R5_K050,MODERATE,139,PE-H__0121,PE 18:0_22:4,2.2610989898817704e-07,,NOT_COMPUTED,False,False,False,False,0.18017532391550736,0.9584828806991764,0.9476228644253383,PE,0.1392161393679012,,,UNASSIGNED_FALSE_POSITIVE,,,,,,,,,,,,50,R5,CAL,LOCAL_CAL_RECALIBRATION,dataset/lipid_name,False,False,True,False,False,False,True,False,False,False,True,False,True,False
MODERATE__CAL_R5_K050,CAL_R5_K050,MODERATE,140,PE-H__0122,PE 18:0_22:5,0.0038646923382231343,6.897503808314441e-06,COMPUTED,True,False,False,False,0.21456025597759804,0.9193711031721301,0.901852911837853,PE,0.21748294256808653,,,UNASSIGNED_FALSE_POSITIVE,,,,,,,,,,,,50,R5,CAL,LOCAL_CAL_RECALIBRATION,dataset/lipid_name,False,False,True,False,False,False,True,False,False,False,True,False,True,False
MODERATE__CAL_R5_K050,CAL_R5_K050,MODERATE,141,PE-H__0123,PE 18:0_22:6,0.04566629936424157,5.019582022969406e-05,COMPUTED,True,True,True,True,0.3578455473352584,0.8518939235283789,0.8004891666672417,PE,0.2415016759405193,,50,singleton_control,,,,,,,,,102,,2.0,50,R5,CAL,LOCAL_CAL_RECALIBRATION,dataset/lipid_name,False,True,True,True,False,False,True,False,True,True,True,True,True,False
MODERATE__CAL_R5_K050,CAL_R5_K050,MODERATE,142,PE-H__0134,PE 20:0_18:1,0.0005100517510593917,,NOT_COMPUTED,False,False,False,False,0.4201460661155732,0.9552207873236039,0.7397008730161401,PE,0.25278975434516,,,UNASSIGNED_FALSE_POSITIVE,,,,,,,,,,,,50,R5,CAL,LOCAL_CAL_RECALIBRATION,dataset/lipid_name,False,False,True,False,False,False,True,False,False,False,True,False,True,False
MODERATE__CAL_R5_K050,CAL_R5_K050,MODERATE,143,PE-H__0135,PE 18:1_20:1,0.0,,NOT_COMPUTED,False,False,False,False,0.3563849153816259,0.8094724455380994,0.7393804801889361,PE,0.31690291720973934,,,UNASSIGNED_FALSE_POSITIVE,,,,,,,,,,,,50,R5,CAL,LOCAL_CAL_RECALIBRATION,dataset/lipid_name,False,False,True,False,False,False,True,False,False,False,True,False,True,False
MODERATE__CAL_R5_K050,CAL_R5_K050,MODERATE,144,PE-H__0136,PE 18:1_20:2,1.2312260819926587e-06,,NOT_COMPUTED,False,False,False,False,0.23433578314102768,0.9251187567839819,0.8989316145711029,PE,0.20375319449318544,,,UNASSIGNED_FALSE_POSITIVE,,,,,,,,,,,,50,R5,CAL,LOCAL_CAL_RECALIBRATION,dataset/lipid_name,False,False,True,False,False,False,True,False,False,False,True,False,True,False
MODERATE__CAL_R5_K050,CAL_R5_K050,MODERATE,145,PE-H__0137,PE 18:1_20:3,0.0005849542445648911,,NOT_COMPUTED,False,False,False,False,0.17948687007626737,0.9658056478918986,0.9200954043558142,PE,0.2122074583015007,,,UNASSIGNED_FALSE_POSITIVE,,,,,,,,,,,,50,R5,CAL,LOCAL_CAL_RECALIBRATION,dataset/lipid_name,False,False,True,False,False,False,True,False,False,False,True,False,True,False
MODERATE__CAL_R5_K050,CAL_R5_K050,MODERATE,146,PE-H__0138,PE 18:1_20:4,0.0,,NOT_COMPUTED,False,False,False,False,0.23301651126656459,0.9304715731040568,0.9055947706552474,PE,0.1911274635366499,,,UNASSIGNED_FALSE_POSITIVE,,,,,,,,,,,,50,R5,CAL,LOCAL_CAL_RECALIBRATION,dataset/lipid_name,False,False,True,False,False,False,True,False,False,False,True,False,True,False
MODERATE__CAL_R5_K050,CAL_R5_K050,MODERATE,147,PE-H__0139,PE 18:1_20:5,2.4734638142156177e-05,,NOT_COMPUTED,False,False,False,False,0.3998586987063159,0.9724669479844656,0.7719148349631345,PE,0.2358672544872255,,,UNASSIGNED_FALSE_POSITIVE,,,,,,,,,,,,50,R5,CAL,LOCAL_CAL_RECALIBRATION,dataset/lipid_name,False,False,True,False,False,False,True,False,False,False,True,False,True,False
MODERATE__CAL_R5_K050,CAL_R5_K050,MODERATE,148,PE-H__0142,PE 18:1_22:2,0.0004629413321004263,,NOT_COMPUTED,False,False,False,False,0.12985107942569446,0.9248799886279087,0.9149312581224509,PE,0.2737586242615052,,,UNASSIGNED_FALSE_POSITIVE,,,,,,,,,,,,50,R5,CAL,LOCAL_CAL_RECALIBRATION,dataset/lipid_name,False,False,True,False,False,False,True,False,False,False,True,False,True,False
MODERATE__CAL_R5_K050,CAL_R5_K050,MODERATE,149,PE-H__0143,PE 18:1_22:3,0.0006884860600357719,,NOT_COMPUTED,False,False,False,False,0.10400557506001402,0.9605256779361461,0.9604944850033889,PE,0.1742934444820513,,,UNASSIGNED_FALSE_POSITIVE,,,,,,,,,,,,50,R5,CAL,LOCAL_CAL_RECALIBRATION,dataset/lipid_name,False,False,True,False,False,False,True,False,False,False,True,False,True,False
MODERATE__CAL_R5_K050,CAL_R5_K050,MODERATE,150,PE-H__0144,PE 18:1_22:4,0.0,,NOT_COMPUTED,False,False,False,False,0.11052846478170081,0.969840644646915,0.9692319381472975,PE,0.13562077871750905,,,UNASSIGNED_FALSE_POSITIVE,,,,,,,,,,,,50,R5,CAL,LOCAL_CAL_RECALIBRATION,dataset/lipid_name,False,False,True,False,False,False,True,False,False,False,True,False,True,False
MODERATE__CAL_R5_K050,CAL_R5_K050,MODERATE,151,PE-H__0145,PE 18:1_22:5,0.0015872629892538306,2.1336998884201178e-06,COMPUTED,True,False,False,False,0.19163429981325247,0.9256344671279978,0.9143053215661409,PE,0.2133913524062529,,,UNASSIGNED_FALSE_POSITIVE,,,,,,,,,,,,50,R5,CAL,LOCAL_CAL_RECALIBRATION,dataset/lipid_name,False,False,True,False,False,False,True,False,False,False,True,False,True,False
MODERATE__CAL_R5_K050,CAL_R5_K050,MODERATE,152,PE-H__0146,PE 18:1_22:6,9.131113282149207e-07,,NOT_COMPUTED,False,False,False,False,0.3159564682544253,0.8033916799379116,0.7760340770949737,PE,0.3147345109004634,,,UNASSIGNED_FALSE_POSITIVE,,,,,,,,,,,,50,R5,CAL,LOCAL_CAL_RECALIBRATION,dataset/lipid_name,False,False,True,False,False,False,True,False,False,False,True,False,True,False
MODERATE__CAL_R5_K050,CAL_R5_K050,MODERATE,153,PE-H__0156,PE 20:0_18:2,1.9894832332488632e-08,,NOT_COMPUTED,False,False,False,False,0.3689127363796803,0.9407978177228559,0.8058240226878673,PE,0.22324234842424456,,,UNASSIGNED_FALSE_POSITIVE,,,,,,,,,,,,50,R5,CAL,LOCAL_CAL_RECALIBRATION,dataset/lipid_name,False,False,True,False,False,False,True,False,False,False,True,False,True,False
MODERATE__CAL_R5_K050,CAL_R5_K050,MODERATE,154,PE-H__0157,PE 20:1_18:2,2.3233475362257694e-05,,NOT_COMPUTED,False,False,False,False,0.3477875659110764,0.8910754995054128,0.7708509875865739,PE,0.2892279401300275,,,UNASSIGNED_FALSE_POSITIVE,,,,,,,,,,,,50,R5,CAL,LOCAL_CAL_RECALIBRATION,dataset/lipid_name,False,False,True,False,False,False,True,False,False,False,True,False,True,False
MODERATE__CAL_R5_K050,CAL_R5_K050,MODERATE,155,PE-H__0158,PE 18:2_20:2,0.005521978948259237,0.0,COMPUTED,True,False,False,False,0.18632332063996887,0.930785287256962,0.7430427070574672,PE,0.4829206823131476,,,UNASSIGNED_FALSE_POSITIVE,,,,,,,,,,,,50,R5,CAL,LOCAL_CAL_RECALIBRATION,dataset/lipid_name,False,False,True,False,False,False,True,False,False,False,True,False,True,False
MODERATE__CAL_R5_K050,CAL_R5_K050,MODERATE,156,PE-H__0159,PE 18:2_20:3,0.00137643029837918,0.0,COMPUTED,True,False,False,False,0.14518288049439587,0.9537646675247846,0.7427822111270515,PE,0.5243502305861603,,,UNASSIGNED_FALSE_POSITIVE,,,,,,,,,,,,50,R5,CAL,LOCAL_CAL_RECALIBRATION,dataset/lipid_name,False,False,True,False,False,False,True,False,False,False,True,False,True,False
MODERATE__CAL_R5_K050,CAL_R5_K050,MODERATE,157,PE-H__0160,PE 18:2_20:4,0.0034547843225795944,0.0,COMPUTED,True,False,False,False,0.14619914077909651,0.9616518591994055,0.9130395109281053,PE,0.2616719803905277,,,UNASSIGNED_FALSE_POSITIVE,,,,,,,,,,,,50,R5,CAL,LOCAL_CAL_RECALIBRATION,dataset/lipid_name,False,False,True,False,False,False,True,False,False,False,True,False,True,False
MODERATE__CAL_R5_K050,CAL_R5_K050,MODERATE,158,PE-H__0161,PE 18:2_20:5,0.0008170935213177929,,NOT_COMPUTED,False,False,False,False,0.3650213504933583,0.9631467226016989,0.8063714203716793,PE,0.2263880951597868,,,UNASSIGNED_FALSE_POSITIVE,,,,,,,,,,,,50,R5,CAL,LOCAL_CAL_RECALIBRATION,dataset/lipid_name,False,False,True,False,False,False,True,False,False,False,True,False,True,False
MODERATE__CAL_R5_K050,CAL_R5_K050,MODERATE,159,PE-H__0163,PE 22:1_18:2,0.015767715822407196,4.4649674942920495e-05,COMPUTED,True,False,False,False,0.5331745268800695,0.8840894589858442,0.6735070252941758,PE,0.20600629462397246,,,UNASSIGNED_FALSE_POSITIVE,,,,,,,,,,,,50,R5,CAL,LOCAL_CAL_RECALIBRATION,dataset/lipid_name,False,False,True,False,False,False,True,False,False,False,True,False,True,False
MODERATE__CAL_R5_K050,CAL_R5_K050,MODERATE,160,PE-H__0164,PE 18:2_22:2,0.001056719946283338,0.0,COMPUTED,True,False,False,False,0.1271355008514916,0.9008257061441529,0.9005744438179483,PE,0.3075663178035413,,,UNASSIGNED_FALSE_POSITIVE,,,,,,,,,,,,50,R5,CAL,LOCAL_CAL_RECALIBRATION,dataset/lipid_name,False,False,True,False,False,False,True,False,False,False,True,False,True,False
MODERATE__CAL_R5_K050,CAL_R5_K050,MODERATE,161,PE-H__0165,PE 18:2_22:3,0.029499257526240497,3.3770709391422587e-06,COMPUTED,True,True,True,True,0.12289383117903037,0.8792970872952994,0.8792923996515524,PE,0.35338851776434027,,112,singleton_control,,,,,,,,,298,,2.0,50,R5,CAL,LOCAL_CAL_RECALIBRATION,dataset/lipid_name,False,False,True,False,True,False,True,False,True,True,True,False,True,False
MODERATE__CAL_R5_K050,CAL_R5_K050,MODERATE,162,PE-H__0166,PE 18:2_22:4,0.0005995808382614295,,NOT_COMPUTED,False,False,False,False,0.09902267490516374,0.9706937176364202,0.9706434853670334,PE,0.14150013963544839,,,UNASSIGNED_FALSE_POSITIVE,,,,,,,,,,,,50,R5,CAL,LOCAL_CAL_RECALIBRATION,dataset/lipid_name,False,False,True,False,False,False,True,False,False,False,True,False,True,False
MODERATE__CAL_R5_K050,CAL_R5_K050,MODERATE,163,PE-H__0167,PE 18:2_22:5,0.0007482762502475731,,NOT_COMPUTED,False,False,False,False,0.16453696138061585,0.9332832381772025,0.9254990815922642,PE,0.21421289006737537,,,UNASSIGNED_FALSE_POSITIVE,,,,,,,,,,,,50,R5,CAL,LOCAL_CAL_RECALIBRATION,dataset/lipid_name,False,False,True,False,False,False,True,False,False,False,True,False,True,False
MODERATE__CAL_R5_K050,CAL_R5_K050,MODERATE,164,PE-H__0168,PE 18:2_22:6,0.003375252622511878,1.9609862031868984e-05,COMPUTED,True,False,False,False,0.2708371237553922,0.7986746851823461,0.7790152182518231,PE,0.3561678919598447,,,UNASSIGNED_FALSE_POSITIVE,,,,,,,,,,,,50,R5,CAL,LOCAL_CAL_RECALIBRATION,dataset/lipid_name,False,False,True,False,False,False,True,False,False,False,True,False,True,False
MODERATE__CAL_R5_K050,CAL_R5_K050,MODERATE,165,PE-H__0177,PE 20:0_18:3,0.00020437612458336677,,NOT_COMPUTED,False,False,False,False,0.43633437740238207,0.8248460600779068,0.7213783232948695,PE,0.2562068233072095,,,UNASSIGNED_FALSE_POSITIVE,,,,,,,,,,,,50,R5,CAL,LOCAL_CAL_RECALIBRATION,dataset/lipid_name,False,False,True,False,False,False,True,False,False,False,True,False,True,False
MODERATE__CAL_R5_K050,CAL_R5_K050,MODERATE,166,PE-H__0178,PE 20:1_18:3,0.0009134039382154357,,NOT_COMPUTED,False,False,False,False,0.4489705865818388,0.9659907277452849,0.7775930923942953,PE,0.17979724231900202,,,UNASSIGNED_FALSE_POSITIVE,,,,,,,,,,,,50,R5,CAL,LOCAL_CAL_RECALIBRATION,dataset/lipid_name,False,False,True,False,False,False,True,False,False,False,True,False,True,False
MODERATE__CAL_R5_K050,CAL_R5_K050,MODERATE,167,PE-H__0181,PE 18:3_20:4,0.00047211183384073793,,NOT_COMPUTED,False,False,False,False,0.15717262060050777,0.9796724074104938,0.8883052400815383,PE,0.3020809046376558,,,UNASSIGNED_FALSE_POSITIVE,,,,,,,,,,,,50,R5,CAL,LOCAL_CAL_RECALIBRATION,dataset/lipid_name,False,False,True,False,False,False,True,False,False,False,True,False,True,False
MODERATE__CAL_R5_K050,CAL_R5_K050,MODERATE,168,PE-H__0187,PE 18:3_22:4,5.851820335299051e-05,,NOT_COMPUTED,False,False,False,False,0.15449729928871136,0.8993915019835691,0.8993382947548886,PE,0.2827562102310741,,,UNASSIGNED_FALSE_POSITIVE,,,,,,,,,,,,50,R5,CAL,LOCAL_CAL_RECALIBRATION,dataset/lipid_name,False,False,True,False,False,False,True,False,False,False,True,False,True,False
MODERATE__CAL_R5_K050,CAL_R5_K050,MODERATE,169,PE-H__0188,PE 18:3_22:5,0.00017977712664357139,,NOT_COMPUTED,False,False,False,False,0.18752526203346254,0.8954083946283774,0.8890345436297913,PE,0.2703148631554168,,,UNASSIGNED_FALSE_POSITIVE,,,,,,,,,,,,50,R5,CAL,LOCAL_CAL_RECALIBRATION,dataset/lipid_name,False,False,True,False,False,False,True,False,False,False,True,False,True,False
MODERATE__CAL_R5_K050,CAL_R5_K050,MODERATE,170,PE-H__0200,PE 20:0_20:3,0.00436010810022719,3.2906673055036394e-06,COMPUTED,True,False,False,False,0.23032749244938702,0.9788474233762352,0.94467750434353,PE,0.09767313679891157,,,UNASSIGNED_FALSE_POSITIVE,,,,,,,,,,,,50,R5,CAL,LOCAL_CAL_RECALIBRATION,dataset/lipid_name,False,False,True,False,False,False,True,False,False,False,True,False,True,False
MODERATE__CAL_R5_K050,CAL_R5_K050,MODERATE,171,PE-H__0201,PE 20:0_20:4,2.4564656969985486e-07,,NOT_COMPUTED,False,False,False,False,0.29604340865370693,0.9599646577371467,0.9207863176222774,PE,0.09402396665420898,,,UNASSIGNED_FALSE_POSITIVE,,,,,,,,,,,,50,R5,CAL,LOCAL_CAL_RECALIBRATION,dataset/lipid_name,False,False,True,False,False,False,True,False,False,False,True,False,True,False
MODERATE__CAL_R5_K050,CAL_R5_K050,MODERATE,172,PE-H__0202,PE 20:0_20:5,0.0015027782586277464,0.0,COMPUTED,True,False,False,False,0.42609430792144315,0.8451414828957593,0.6792961262597426,PE,0.30776996621138847,,,UNASSIGNED_FALSE_POSITIVE,,,,,,,,,,,,50,R5,CAL,LOCAL_CAL_RECALIBRATION,dataset/lipid_name,False,False,True,False,False,False,True,False,False,False,True,False,True,False
MODERATE__CAL_R5_K050,CAL_R5_K050,MODERATE,173,PE-H__0218,PE 20:1_20:2,0.023946047406548883,0.0,COMPUTED,True,True,True,True,0.20294033552387394,0.9253440230489325,0.8845567029435504,PE,0.2634923383719795,,151,singleton_control,,,,,,,,,256,,1.4538436095675817,50,R5,CAL,LOCAL_CAL_RECALIBRATION,dataset/lipid_name,False,False,True,False,True,False,True,False,True,True,True,False,True,False
MODERATE__CAL_R5_K050,CAL_R5_K050,MODERATE,174,PE-H__0219,PE 20:1_20:3,0.009673727321848284,1.9277089225436644e-08,COMPUTED,True,False,False,False,0.15409170574418976,0.9673598800301968,0.9574552798625677,PE,0.13448997604329319,,,UNASSIGNED_FALSE_POSITIVE,,,,,,,,,,,,50,R5,CAL,LOCAL_CAL_RECALIBRATION,dataset/lipid_name,False,False,True,False,False,False,True,False,False,False,True,False,True,False
MODERATE__CAL_R5_K050,CAL_R5_K050,MODERATE,175,PE-H__0220,PE 20:1_20:4,0.00015355328831933722,,NOT_COMPUTED,False,False,False,False,0.22946614386916517,0.9422890778439277,0.9190388079823439,PE,0.1647009138898418,,,UNASSIGNED_FALSE_POSITIVE,,,,,,,,,,,,50,R5,CAL,LOCAL_CAL_RECALIBRATION,dataset/lipid_name,False,False,True,False,False,False,True,False,False,False,True,False,True,False
MODERATE__CAL_R5_K050,CAL_R5_K050,MODERATE,176,PE-H__0221,PE 20:1_20:5,0.0025683128334083624,1.4860562139868539e-06,COMPUTED,True,False,False,False,0.3973599004661181,0.7993795604865694,0.6792961262597426,PE,0.33650437366671354,,,UNASSIGNED_FALSE_POSITIVE,,,,,,,,,,,,50,R5,CAL,LOCAL_CAL_RECALIBRATION,dataset/lipid_name,False,False,True,False,False,False,True,False,False,False,True,False,True,False
MODERATE__CAL_R5_K050,CAL_R5_K050,MODERATE,177,PE-H__0236,PE 20:2_20:2,0.011312763924106113,1.0728181727169124e-06,COMPUTED,True,True,True,True,0.13796437864051098,0.9885666181646524,0.9803192870333286,PE,0.05945420070415522,,175,singleton_control,,,,,,,,,313,,0.5,50,R5,CAL,LOCAL_CAL_RECALIBRATION,dataset/lipid_name,False,False,True,False,True,False,True,False,True,False,True,False,True,False
MODERATE__CAL_R5_K050,CAL_R5_K050,MODERATE,178,PE-H__0237,PE 20:2_20:3,0.0002591864854802602,,NOT_COMPUTED,False,False,False,False,0.10342592469336877,0.8809502880689941,0.8757642268764254,PE,0.37931315485534245,,,UNASSIGNED_FALSE_POSITIVE,,,,,,,,,,,,50,R5,CAL,LOCAL_CAL_RECALIBRATION,dataset/lipid_name,False,False,True,False,False,False,True,False,False,False,True,False,True,False
MODERATE__CAL_R5_K050,CAL_R5_K050,MODERATE,179,PE-H__0238,PE 20:2_20:4,0.00463038431009812,2.3159663481745293e-05,COMPUTED,True,False,False,False,0.18995619886808268,0.9559925050099088,0.9369316641113805,PE,0.15955640002569,,,UNASSIGNED_FALSE_POSITIVE,,,,,,,,,,,,50,R5,CAL,LOCAL_CAL_RECALIBRATION,dataset/lipid_name,False,False,True,False,False,False,True,False,False,False,True,False,True,False
MODERATE__CAL_R5_K050,CAL_R5_K050,MODERATE,180,PE-H__0239,PE 20:2_20:5,0.00042271578435591723,,NOT_COMPUTED,False,False,False,False,0.3893851070272266,0.798793448092428,0.6606806154113212,PE,0.36128201255356196,,,UNASSIGNED_FALSE_POSITIVE,,,,,,,,,,,,50,R5,CAL,LOCAL_CAL_RECALIBRATION,dataset/lipid_name,False,False,True,False,False,False,True,False,False,False,True,False,True,False
MODERATE__CAL_R5_K050,CAL_R5_K050,MODERATE,181,PE-H__0254,PE 20:3_20:3,0.0004560084085478546,,NOT_COMPUTED,False,False,False,False,0.11972298568219342,0.9884825101246301,0.9837096338633671,PE,0.06004173901205881,,,UNASSIGNED_FALSE_POSITIVE,,,,,,,,,,,,50,R5,CAL,LOCAL_CAL_RECALIBRATION,dataset/lipid_name,False,False,True,False,False,False,True,False,False,False,True,False,True,False
MODERATE__CAL_R5_K050,CAL_R5_K050,MODERATE,182,PE-H__0255,PE 20:3_20:4,0.002801643052761157,0.0,COMPUTED,True,False,False,False,0.12448475029069515,0.9204161266642652,0.9128348333325689,PE,0.2838442433586674,,,UNASSIGNED_FALSE_POSITIVE,,,,,,,,,,,,50,R5,CAL,LOCAL_CAL_RECALIBRATION,dataset/lipid_name,False,False,True,False,False,False,True,False,False,False,True,False,True,False
MODERATE__CAL_R5_K050,CAL_R5_K050,MODERATE,183,PE-H__0256,PE 20:3_20:5,0.02174301446698048,4.69288306558522e-05,COMPUTED,True,True,True,True,0.33900755670745725,0.7617570615123257,0.6460284911629157,PE,0.42430573978734804,B2_U70_U101,70,spectral_easy_spatial_low,0.20378981937602628,0.20139244663382594,0.20139244663382594,0.20378981937602628,0.0,0.0,0.0,0.0,215,-0.25306448206946786,1.0000000000000002,50,R5,CAL,LOCAL_CAL_RECALIBRATION,dataset/lipid_name,False,True,True,True,False,False,True,False,True,True,True,False,True,False
MODERATE__CAL_R5_K050,CAL_R5_K050,MODERATE,184,PE-H__0271,PE 20:4_20:4,0.0038166099566643917,0.0,COMPUTED,True,False,False,False,0.12143494692201809,0.9845400250879618,0.9715405518090002,PE,0.11543834450329934,,,UNASSIGNED_FALSE_POSITIVE,,,,,,,,,,,,50,R5,CAL,LOCAL_CAL_RECALIBRATION,dataset/lipid_name,False,False,True,False,False,False,True,False,False,False,True,False,True,False
MODERATE__CAL_R5_K050,CAL_R5_K050,MODERATE,185,PE-H__0272,PE 20:4_20:5,0.002059978542567563,0.0,COMPUTED,True,False,False,False,0.26664550336010406,0.7114621309435802,0.6714372883852311,PE,0.4744158758561441,,,UNASSIGNED_FALSE_POSITIVE,,,,,,,,,,,,50,R5,CAL,LOCAL_CAL_RECALIBRATION,dataset/lipid_name,False,False,True,False,False,False,True,False,False,False,True,False,True,False
MODERATE__CAL_R5_K050,CAL_R5_K050,MODERATE,186,PE-H__0459,PE 17:0_20:0,0.012982532903034638,6.811578910524623e-10,COMPUTED,True,False,False,False,0.2698075638945543,0.9206618024583055,0.8460604591945621,PE,0.26327938903853587,,,UNASSIGNED_FALSE_POSITIVE,,,,,,,,,,,,50,R5,CAL,LOCAL_CAL_RECALIBRATION,dataset/lipid_name,False,False,True,False,False,False,True,False,False,False,True,False,True,False
MODERATE__CAL_R5_K050,CAL_R5_K050,MODERATE,187,PE-H__0460,PE 17:0_20:1,6.163408609585e-08,,NOT_COMPUTED,False,False,False,False,0.21935078912512027,0.9551170493571611,0.9037729092166604,PE,0.20866151042485073,,,UNASSIGNED_FALSE_POSITIVE,,,,,,,,,,,,50,R5,CAL,LOCAL_CAL_RECALIBRATION,dataset/lipid_name,False,False,True,False,False,False,True,False,False,False,True,False,True,False
MODERATE__CAL_R5_K050,CAL_R5_K050,MODERATE,188,PE-H__0461,PE 17:0_20:2,0.0035511468256342878,3.247460305265911e-05,COMPUTED,True,True,True,True,0.1630015495704311,0.9691815015571644,0.9500581444976401,PE,0.1490713939439036,B2_U88_U158,158,spectral_easy_spatial_high,0.28778981937602627,0.265392446633826,0.265392446633826,0.28778981937602627,0.0,0.0,0.0,0.0,298,0.981240103328016,0.5,50,R5,CAL,LOCAL_CAL_RECALIBRATION,dataset/lipid_name,False,False,True,False,True,False,True,False,True,False,True,False,True,False
MODERATE__CAL_R5_K050,CAL_R5_K050,MODERATE,189,PE-H__0462,PE 17:0_20:3,0.01273209243384897,1.5243547270328208e-06,COMPUTED,True,True,True,True,0.15187039632663366,0.9898819477902964,0.9455757956032335,PE,0.17353153170900668,B2_U58_U139,139,spectral_easy_spatial_low,0.2837898193760263,0.2425353037766831,0.2425353037766831,0.2837898193760263,0.0,0.0,0.0,0.0,302,-0.37070141614987623,0.8939526432607221,50,R5,CAL,LOCAL_CAL_RECALIBRATION,dataset/lipid_name,False,False,True,False,True,False,True,False,True,False,True,False,True,False
MODERATE__CAL_R5_K050,CAL_R5_K050,MODERATE,190,PE-H__0463,PE 17:0_20:4,0.01707929667654967,1.0376589742175007e-07,COMPUTED,True,False,False,False,0.1628046691202565,0.9887826418894832,0.9240092007107269,PE,0.21956556638706384,,,UNASSIGNED_FALSE_POSITIVE,,,,,,,,,,,,50,R5,CAL,LOCAL_CAL_RECALIBRATION,dataset/lipid_name,False,False,True,False,False,False,True,False,False,False,True,False,True,False
MODERATE__CAL_R5_K050,CAL_R5_K050,MODERATE,191,PE-H__0464,PE 17:0_20:5,0.04513397730203514,0.0002751944747676978,COMPUTED,True,True,True,True,0.34361334142228894,0.9811934844127886,0.7108936864274412,PE,0.35968614428604206,,127,singleton_control,,,,,,,,,107,,2.0,50,R5,CAL,LOCAL_CAL_RECALIBRATION,dataset/lipid_name,False,True,True,True,False,True,True,True,False,True,True,True,True,False
MODERATE__CAL_R5_K050,CAL_R5_K050,MODERATE,192,PE-H__0466,PE 17:0_22:1,0.003346668380334244,3.211966853884205e-07,COMPUTED,True,False,False,False,0.1543111669513844,0.9331724257584938,0.9295121962579814,PE,0.2144802063312126,,,UNASSIGNED_FALSE_POSITIVE,,,,,,,,,,,,50,R5,CAL,LOCAL_CAL_RECALIBRATION,dataset/lipid_name,False,False,True,False,False,False,True,False,False,False,True,False,True,False
MODERATE__CAL_R5_K050,CAL_R5_K050,MODERATE,193,PE-H__0467,PE 17:0_22:2,0.009265366171669924,3.128164043938103e-18,COMPUTED,True,False,False,False,0.13503108538528152,0.9386569008618137,0.9358581192272978,PE,0.21734595795940753,,,UNASSIGNED_FALSE_POSITIVE,,,,,,,,,,,,50,R5,CAL,LOCAL_CAL_RECALIBRATION,dataset/lipid_name,False,False,True,False,False,False,True,False,False,False,True,False,True,False
MODERATE__CAL_R5_K050,CAL_R5_K050,MODERATE,194,PE-H__0468,PE 17:0_22:3,0.0041238532897916414,1.021575439478814e-07,COMPUTED,True,False,False,False,0.12944258217526786,0.9493851963105262,0.9459213048199246,PE,0.1949536032026912,,,UNASSIGNED_FALSE_POSITIVE,,,,,,,,,,,,50,R5,CAL,LOCAL_CAL_RECALIBRATION,dataset/lipid_name,False,False,True,False,False,False,True,False,False,False,True,False,True,False
MODERATE__CAL_R5_K050,CAL_R5_K050,MODERATE,195,PE-H__0469,PE 17:0_22:4,6.03690767204279e-07,,NOT_COMPUTED,False,False,False,False,0.16492324087593133,0.9518068384474951,0.9426607466712886,PE,0.1688292372948361,,,UNASSIGNED_FALSE_POSITIVE,,,,,,,,,,,,50,R5,CAL,LOCAL_CAL_RECALIBRATION,dataset/lipid_name,False,False,True,False,False,False,True,False,False,False,True,False,True,False
MODERATE__CAL_R5_K050,CAL_R5_K050,MODERATE,196,PE-H__0470,PE 17:0_22:5,0.009092113453140985,3.2307892436909355e-06,COMPUTED,True,False,False,False,0.20553202250395822,0.9211023236447361,0.903597002570837,PE,0.22285151703158326,,,UNASSIGNED_FALSE_POSITIVE,,,,,,,,,,,,50,R5,CAL,LOCAL_CAL_RECALIBRATION,dataset/lipid_name,False,False,True,False,False,False,True,False,False,False,True,False,True,False
MODERATE__CAL_R5_K050,CAL_R5_K050,MODERATE,197,PE-H__0471,PE 17:0_22:6,0.0019007525183171105,2.170532711826773e-06,COMPUTED,True,False,False,False,0.31244709118745745,0.8271838267520604,0.7871361511830383,PE,0.30433218821543645,,,UNASSIGNED_FALSE_POSITIVE,,,,,,,,,,,,50,R5,CAL,LOCAL_CAL_RECALIBRATION,dataset/lipid_name,False,False,True,False,False,False,True,False,False,False,True,False,True,False
MODERATE__CAL_R5_K050,CAL_R5_K050,MODERATE,198,PE-H__0481,PE 20:0_17:1,0.0005116532898258205,,NOT_COMPUTED,False,False,False,False,0.3521808615762064,0.9829394646770109,0.8238355564584399,PE,0.21464801552411628,,,UNASSIGNED_FALSE_POSITIVE,,,,,,,,,,,,50,R5,CAL,LOCAL_CAL_RECALIBRATION,dataset/lipid_name,False,False,True,False,False,False,True,False,False,False,True,False,True,False
MODERATE__CAL_R5_K050,CAL_R5_K050,MODERATE,199,PE-H__0482,PE 17:1_20:1,0.0011782726028885665,0.0,COMPUTED,True,False,False,False,0.2809048613188857,0.9726361074886047,0.7937994919963063,PE,0.3272746898881621,,,UNASSIGNED_FALSE_POSITIVE,,,,,,,,,,,,50,R5,CAL,LOCAL_CAL_RECALIBRATION,dataset/lipid_name,False,False,True,False,False,False,True,False,False,False,True,False,True,False
MODERATE__CAL_R5_K050,CAL_R5_K050,MODERATE,200,PE-H__0483,PE 17:1_20:2,0.017309508677779344,3.176808708281016e-07,COMPUTED,True,False,False,False,0.18976008058885643,0.9965803996234099,0.9135491254421633,PE,0.2169683243742819,,,UNASSIGNED_FALSE_POSITIVE,,,,,,,,,,,,50,R5,CAL,LOCAL_CAL_RECALIBRATION,dataset/lipid_name,False,False,True,False,False,False,True,False,False,False,True,False,True,False
MODERATE__CAL_R5_K050,CAL_R5_K050,MODERATE,201,PE-H__0484,PE 17:1_20:3,0.001141444066695266,0.0,COMPUTED,True,False,False,False,0.17058675100295786,0.9942019114139844,0.91474606264425,PE,0.23344250644858108,,,UNASSIGNED_FALSE_POSITIVE,,,,,,,,,,,,50,R5,CAL,LOCAL_CAL_RECALIBRATION,dataset/lipid_name,False,False,True,False,False,False,True,False,False,False,True,False,True,False
MODERATE__CAL_R5_K050,CAL_R5_K050,MODERATE,202,PE-H__0485,PE 17:1_20:4,0.013431345990309892,2.8183689461692247e-07,COMPUTED,True,True,True,True,0.17664660802052665,0.9853779862370524,0.9110162578782207,PE,0.23572382967059016,B1_U55_U166,166,spectral_hard_spatial_high,0.6350459770114942,0.4994794745484401,0.4994794745484401,0.6350459770114942,8.269231022895112e-05,0.14705882352941177,7.388365332041578e-06,0.0,218,0.9959204063620838,0.5,50,R5,CAL,LOCAL_CAL_RECALIBRATION,dataset/lipid_name,False,False,True,False,True,False,True,False,True,False,True,False,True,False
MODERATE__CAL_R5_K050,CAL_R5_K050,MODERATE,203,PE-H__0488,PE 17:1_22:1,5.1018385317677035e-05,,NOT_COMPUTED,False,False,False,False,0.25190782559573593,0.7015424004109266,0.6921065620053083,PE,0.46988751023651537,,,UNASSIGNED_FALSE_POSITIVE,,,,,,,,,,,,50,R5,CAL,LOCAL_CAL_RECALIBRATION,dataset/lipid_name,False,False,True,False,False,False,True,False,False,False,True,False,True,False
MODERATE__CAL_R5_K050,CAL_R5_K050,MODERATE,204,PE-H__0490,PE 17:1_22:3,0.0027535571641409515,0.0,COMPUTED,True,False,False,False,0.10570325194754038,0.9599558000648393,0.9599528994369606,PE,0.17445818519642592,,,UNASSIGNED_FALSE_POSITIVE,,,,,,,,,,,,50,R5,CAL,LOCAL_CAL_RECALIBRATION,dataset/lipid_name,False,False,True,False,False,False,True,False,False,False,True,False,True,False
MODERATE__CAL_R5_K050,CAL_R5_K050,MODERATE,205,PE-H__0491,PE 17:1_22:4,0.00033810608317967963,,NOT_COMPUTED,False,False,False,False,0.11399010042613276,0.9648613999266584,0.9648442794130716,PE,0.14883211416744102,,,UNASSIGNED_FALSE_POSITIVE,,,,,,,,,,,,50,R5,CAL,LOCAL_CAL_RECALIBRATION,dataset/lipid_name,False,False,True,False,False,False,True,False,False,False,True,False,True,False
MODERATE__CAL_R5_K050,CAL_R5_K050,MODERATE,206,PE-H__0492,PE 17:1_22:5,0.0003778147249445989,,NOT_COMPUTED,False,False,False,False,0.1734421065443991,0.9209267513286628,0.914161168407914,PE,0.23190880091119995,,,UNASSIGNED_FALSE_POSITIVE,,,,,,,,,,,,50,R5,CAL,LOCAL_CAL_RECALIBRATION,dataset/lipid_name,False,False,True,False,False,False,True,False,False,False,True,False,True,False
MODERATE__CAL_R5_K050,CAL_R5_K050,MODERATE,207,PE-H__0493,PE 17:1_22:6,0.0010263672791090527,1.4258528843458276e-06,COMPUTED,True,False,False,False,0.2805102678681988,0.8065738667783828,0.7806595188417996,PE,0.34444630313629093,,,UNASSIGNED_FALSE_POSITIVE,,,,,,,,,,,,50,R5,CAL,LOCAL_CAL_RECALIBRATION,dataset/lipid_name,False,False,True,False,False,False,True,False,False,False,True,False,True,False
MODERATE__CAL_R5_K050,CAL_R5_K050,MODERATE,208,PEO-H__0072,PE O-16:0_22:1,0.0031906446667944103,1.437808033912584e-06,COMPUTED,True,False,False,False,0.25810380084870377,0.9626827699537985,0.9563306222117823,PE,0.034183285797328655,,,UNASSIGNED_FALSE_POSITIVE,,,,,,,,,,,,50,R5,CAL,LOCAL_CAL_RECALIBRATION,dataset/lipid_name,False,False,True,False,False,False,True,False,False,False,True,False,True,False
MODERATE__CAL_R5_K050,CAL_R5_K050,MODERATE,209,PEO-H__0073,PE O-16:0_22:2,0.01761273925422764,5.85921538234572e-07,COMPUTED,True,False,False,False,0.22163710097107966,0.9697963545701745,0.9660075973064259,PE,0.03687657747991838,,,UNASSIGNED_FALSE_POSITIVE,,,,,,,,,,,,50,R5,CAL,LOCAL_CAL_RECALIBRATION,dataset/lipid_name,False,False,True,False,False,False,True,False,False,False,True,False,True,False
MODERATE__CAL_R5_K050,CAL_R5_K050,MODERATE,210,PEO-H__0074,PE O-16:0_22:3,0.02981483815549259,1.6030569749892743e-05,COMPUTED,True,True,True,True,0.19242974363625995,0.9756545054698517,0.9718809394238797,PE,0.04304305645869205,B1_U3_U136,136,spectral_easy_spatial_high,0.20836124794745484,0.2082495894909688,0.2082495894909688,0.20836124794745484,0.0,0.0,0.0,0.0,85,0.9938644440036115,2.0,50,R5,CAL,LOCAL_CAL_RECALIBRATION,dataset/lipid_name,False,False,True,False,True,False,True,False,True,True,True,False,True,False
MODERATE__CAL_R5_K050,CAL_R5_K050,MODERATE,211,PEO-H__0075,PE O-16:0_22:4,0.0002365357946800499,,NOT_COMPUTED,False,False,False,False,0.21233553953653375,0.9788297262879938,0.96428133306626,PE,0.0525446422437508,,,UNASSIGNED_FALSE_POSITIVE,,,,,,,,,,,,50,R5,CAL,LOCAL_CAL_RECALIBRATION,dataset/lipid_name,False,False,True,False,False,False,True,False,False,False,True,False,True,False
MODERATE__CAL_R5_K050,CAL_R5_K050,MODERATE,212,PEO-H__0076,PE O-16:0_22:5,2.9350049442425233e-06,,NOT_COMPUTED,False,False,False,False,0.2748935194643735,0.9595548171321114,0.9099757812121108,PE,0.1397678816901211,,,UNASSIGNED_FALSE_POSITIVE,,,,,,,,,,,,50,R5,CAL,LOCAL_CAL_RECALIBRATION,dataset/lipid_name,False,False,True,False,False,False,True,False,False,False,True,False,True,False
MODERATE__CAL_R5_K050,CAL_R5_K050,MODERATE,213,PEO-H__0077,PE O-16:0_22:6,0.0028243566723792244,4.5699456117975997e-07,COMPUTED,True,False,False,False,0.48470573742722234,0.900438885889574,0.7632124702069613,PE,0.1614418659271415,,,UNASSIGNED_FALSE_POSITIVE,,,,,,,,,,,,50,R5,CAL,LOCAL_CAL_RECALIBRATION,dataset/lipid_name,False,False,True,False,False,False,True,False,False,False,True,False,True,False
MODERATE__CAL_R5_K050,CAL_R5_K050,MODERATE,214,PEO-H__0099,PE O-16:1_22:0,0.0,,NOT_COMPUTED,False,False,False,False,0.5895517686839958,0.9743633702676963,0.6718844687566582,PE,0.15110419776978434,,,UNASSIGNED_FALSE_POSITIVE,,,,,,,,,,,,50,R5,CAL,LOCAL_CAL_RECALIBRATION,dataset/lipid_name,False,False,True,False,False,False,True,False,False,False,True,False,True,False
MODERATE__CAL_R5_K050,CAL_R5_K050,MODERATE,215,PEO-H__0100,PE O-16:1_22:1,0.0015558241669650634,2.6334574351772284e-08,COMPUTED,True,False,False,False,0.3096547237703799,0.9753848425333608,0.924433450475611,PE,0.07168868530044187,,,UNASSIGNED_FALSE_POSITIVE,,,,,,,,,,,,50,R5,CAL,LOCAL_CAL_RECALIBRATION,dataset/lipid_name,False,False,True,False,False,False,True,False,False,False,True,False,True,False
MODERATE__CAL_R5_K050,CAL_R5_K050,MODERATE,216,PEO-H__0101,PE O-16:1_22:2,0.02701970212191501,2.0272669385062376e-05,COMPUTED,True,True,True,True,0.19181527150552552,0.9804782409271666,0.972095163534486,PE,0.04277158454753846,,156,singleton_control,,,,,,,,,159,,1.4538436095675817,50,R5,CAL,LOCAL_CAL_RECALIBRATION,dataset/lipid_name,False,False,True,False,True,False,True,False,True,True,True,False,True,False
MODERATE__CAL_R5_K050,CAL_R5_K050,MODERATE,217,PEO-H__0102,PE O-16:1_22:3,0.03946891607310906,4.2372179500264004e-05,COMPUTED,True,False,False,False,0.15301712497872955,0.978974472761994,0.9789476971502981,PE,0.05109413449543146,,,UNASSIGNED_FALSE_POSITIVE,,,,,,,,,,,,50,R5,CAL,LOCAL_CAL_RECALIBRATION,dataset/lipid_name,False,False,True,False,False,False,True,False,False,True,True,False,True,False
MODERATE__CAL_R5_K050,CAL_R5_K050,MODERATE,218,PEO-H__0103,PE O-16:1_22:4,0.006974854244957119,8.056584549686981e-07,COMPUTED,True,False,False,False,0.12973055438059183,0.9809547878114457,0.9808689663219521,PE,0.06493857749836135,,,UNASSIGNED_FALSE_POSITIVE,,,,,,,,,,,,50,R5,CAL,LOCAL_CAL_RECALIBRATION,dataset/lipid_name,False,False,True,False,False,False,True,False,False,False,True,False,True,False
MODERATE__CAL_R5_K050,CAL_R5_K050,MODERATE,219,PEO-H__0104,PE O-16:1_22:5,0.04968492893431822,1.2528990168001032e-06,COMPUTED,True,True,True,True,0.21260509314897325,0.9595548171321114,0.944720452955995,PE,0.11527181327570851,B2_U88_U158,88,spectral_easy_spatial_high,0.28778981937602627,0.265392446633826,0.265392446633826,0.28778981937602627,0.0,0.0,0.0,0.0,298,0.981240103328016,2.0,50,R5,CAL,LOCAL_CAL_RECALIBRATION,dataset/lipid_name,False,False,True,False,True,False,True,False,True,True,True,True,True,False
MODERATE__CAL_R5_K050,CAL_R5_K050,MODERATE,220,PEO-H__0106,PE O-16:1_24:0,0.0028594210714608416,3.128164043938103e-18,COMPUTED,True,False,False,False,0.6719956962672089,0.7350890401757907,0.6635490105932277,PE,0.07613711984283755,,,UNASSIGNED_FALSE_POSITIVE,,,,,,,,,,,,50,R5,CAL,LOCAL_CAL_RECALIBRATION,dataset/lipid_name,False,False,True,False,False,False,True,False,False,False,True,False,True,False
MODERATE__CAL_R5_K050,CAL_R5_K050,MODERATE,221,PEO-H__0107,PE O-16:1_24:1,0.0137650158258731,0.00028636684463801933,COMPUTED,True,True,True,True,0.7013195190822913,0.7742897189559598,0.6708976550037268,PE,0.04023043642340518,B1_U9_U37,9,spectral_easy_spatial_high,0.15578981937602626,0.15053530377668312,0.15053530377668312,0.15578981937602626,0.0,0.0,0.0,0.0,210,0.997240101315944,0.5,50,R5,CAL,LOCAL_CAL_RECALIBRATION,dataset/lipid_name,False,True,True,True,False,True,True,True,False,False,True,False,True,False
MODERATE__CAL_R5_K050,CAL_R5_K050,MODERATE,222,PEO-H__0110,PE O-16:1_24:4,0.006622381330420931,5.315504926908545e-06,COMPUTED,True,False,False,False,0.3570621957782415,0.9336814199983869,0.9087919461652159,PE,0.06018736813434,,,UNASSIGNED_FALSE_POSITIVE,,,,,,,,,,,,50,R5,CAL,LOCAL_CAL_RECALIBRATION,dataset/lipid_name,False,False,True,False,False,False,True,False,False,False,True,False,True,False
MODERATE__CAL_R5_K050,CAL_R5_K050,MODERATE,223,PEO-H__0111,PE O-16:1_24:5,0.0,,NOT_COMPUTED,False,False,False,False,0.34567378912555613,0.9348240213453116,0.9300862052110084,PE,0.021667538356373084,,,UNASSIGNED_FALSE_POSITIVE,,,,,,,,,,,,50,R5,CAL,LOCAL_CAL_RECALIBRATION,dataset/lipid_name,False,False,True,False,False,False,True,False,False,False,True,False,True,False
MODERATE__CAL_R5_K050,CAL_R5_K050,MODERATE,224,PEO-H__0112,PE O-16:1_24:6,1.0312983946499668e-07,,NOT_COMPUTED,False,False,False,False,0.41848831684391674,0.9120817497666402,0.8867746988906713,PE,0.043713623229206855,,,UNASSIGNED_FALSE_POSITIVE,,,,,,,,,,,,50,R5,CAL,LOCAL_CAL_RECALIBRATION,dataset/lipid_name,False,False,True,False,False,False,True,False,False,False,True,False,True,False
MODERATE__CAL_R5_K050,CAL_R5_K050,MODERATE,225,PEO-H__0122,PE O-18:0_20:1,0.0,,NOT_COMPUTED,False,False,False,False,0.318148671588633,0.9846847840318518,0.9037729092166604,PE,0.10986362796133797,,,UNASSIGNED_FALSE_POSITIVE,,,,,,,,,,,,50,R5,CAL,LOCAL_CAL_RECALIBRATION,dataset/lipid_name,False,False,True,False,False,False,True,False,False,False,True,False,True,False
MODERATE__CAL_R5_K050,CAL_R5_K050,MODERATE,226,PEO-H__0123,PE O-18:0_20:2,0.0006833285531755957,,NOT_COMPUTED,False,False,False,False,0.24588669439016053,0.9868742659860326,0.9501374572146646,PE,0.06594469017151477,,,UNASSIGNED_FALSE_POSITIVE,,,,,,,,,,,,50,R5,CAL,LOCAL_CAL_RECALIBRATION,dataset/lipid_name,False,False,True,False,False,False,True,False,False,False,True,False,True,False
MODERATE__CAL_R5_K050,CAL_R5_K050,MODERATE,227,PEO-H__0124,PE O-18:0_20:3,0.00117053822195051,3.096254008779157e-07,COMPUTED,True,False,False,False,0.26090867432576414,0.9859286893262592,0.9522858960339339,PE,0.04429875057547855,,,UNASSIGNED_FALSE_POSITIVE,,,,,,,,,,,,50,R5,CAL,LOCAL_CAL_RECALIBRATION,dataset/lipid_name,False,False,True,False,False,False,True,False,False,False,True,False,True,False
MODERATE__CAL_R5_K050,CAL_R5_K050,MODERATE,228,PEO-H__0125,PE O-18:0_20:4,3.8038832717428116e-06,,NOT_COMPUTED,False,False,False,False,0.4891883874519232,0.9831942612973099,0.859074789633042,PE,0.022661693936118332,,,UNASSIGNED_FALSE_POSITIVE,,,,,,,,,,,,50,R5,CAL,LOCAL_CAL_RECALIBRATION,dataset/lipid_name,False,False,True,False,False,False,True,False,False,False,True,False,True,False
MODERATE__CAL_R5_K050,CAL_R5_K050,MODERATE,229,PEO-H__0126,PE O-18:0_20:5,3.4136973803259953e-06,,NOT_COMPUTED,False,False,False,False,0.6919909071159304,0.9215313010613547,0.5604614119842438,PE,0.1361896321849082,,,UNASSIGNED_FALSE_POSITIVE,,,,,,,,,,,,50,R5,CAL,LOCAL_CAL_RECALIBRATION,dataset/lipid_name,False,False,True,False,False,False,True,False,False,False,True,False,True,False
MODERATE__CAL_R5_K050,CAL_R5_K050,MODERATE,230,PEO-H__0128,PE O-18:0_22:1,1.823459738672491e-06,,NOT_COMPUTED,False,False,False,False,0.20944781852532984,0.9825549173152562,0.9730776501152054,PE,0.021029700652289512,,,UNASSIGNED_FALSE_POSITIVE,,,,,,,,,,,,50,R5,CAL,LOCAL_CAL_RECALIBRATION,dataset/lipid_name,False,False,True,False,False,False,True,False,False,False,True,False,True,False
MODERATE__CAL_R5_K050,CAL_R5_K050,MODERATE,231,PEO-H__0129,PE O-18:0_22:2,0.00010111782364247458,,NOT_COMPUTED,False,False,False,False,0.19149650312872654,0.9844718359888617,0.9674555954753647,PE,0.06154434492432473,,,UNASSIGNED_FALSE_POSITIVE,,,,,,,,,,,,50,R5,CAL,LOCAL_CAL_RECALIBRATION,dataset/lipid_name,False,False,True,False,False,False,True,False,False,False,True,False,True,False
MODERATE__CAL_R5_K050,CAL_R5_K050,MODERATE,232,PEO-H__0130,PE O-18:0_22:3,3.9904072838756914e-07,,NOT_COMPUTED,False,False,False,False,0.17092763078541914,0.9848176901850096,0.9529791162203358,PE,0.13210834735563867,,,UNASSIGNED_FALSE_POSITIVE,,,,,,,,,,,,50,R5,CAL,LOCAL_CAL_RECALIBRATION,dataset/lipid_name,False,False,True,False,False,False,True,False,False,False,True,False,True,False
MODERATE__CAL_R5_K050,CAL_R5_K050,MODERATE,233,PEO-H__0131,PE O-18:0_22:4,0.0,,NOT_COMPUTED,False,False,False,False,0.29140314574818993,0.9785214888337301,0.9315389784831688,PE,0.07223834193787476,,,UNASSIGNED_FALSE_POSITIVE,,,,,,,,,,,,50,R5,CAL,LOCAL_CAL_RECALIBRATION,dataset/lipid_name,False,False,True,False,False,False,True,False,False,False,True,False,True,False
MODERATE__CAL_R5_K050,CAL_R5_K050,MODERATE,234,PEO-H__0132,PE O-18:0_22:5,9.288946625152663e-08,,NOT_COMPUTED,False,False,False,False,0.43559350264218133,0.9521162343234528,0.8503791620761236,PE,0.09057688868244451,,,UNASSIGNED_FALSE_POSITIVE,,,,,,,,,,,,50,R5,CAL,LOCAL_CAL_RECALIBRATION,dataset/lipid_name,False,False,True,False,False,False,True,False,False,False,True,False,True,False
MODERATE__CAL_R5_K050,CAL_R5_K050,MODERATE,235,PEO-H__0133,PE O-18:0_22:6,0.0009409817044563306,,NOT_COMPUTED,False,False,False,False,0.5753436233533816,0.900438885889574,0.6568414230886067,PE,0.17868511941106635,,,UNASSIGNED_FALSE_POSITIVE,,,,,,,,,,,,50,R5,CAL,LOCAL_CAL_RECALIBRATION,dataset/lipid_name,False,False,True,False,False,False,True,False,False,False,True,False,True,False
MODERATE__CAL_R5_K050,CAL_R5_K050,MODERATE,236,PEO-H__0150,PE O-18:1_20:1,5.438882644628281e-06,,NOT_COMPUTED,False,False,False,False,0.39089349908072424,0.9853143544809311,0.8646103224644689,PE,0.11154952285100395,,,UNASSIGNED_FALSE_POSITIVE,,,,,,,,,,,,50,R5,CAL,LOCAL_CAL_RECALIBRATION,dataset/lipid_name,False,False,True,False,False,False,True,False,False,False,True,False,True,False
MODERATE__CAL_R5_K050,CAL_R5_K050,MODERATE,237,PEO-H__0151,PE O-18:1_20:2,0.002680135556038083,1.5640820219690514e-18,COMPUTED,True,False,False,False,0.23640856435982596,0.9860488591567219,0.9580837481030324,PE,0.05007971048025392,,,UNASSIGNED_FALSE_POSITIVE,,,,,,,,,,,,50,R5,CAL,LOCAL_CAL_RECALIBRATION,dataset/lipid_name,False,False,True,False,False,False,True,False,False,False,True,False,True,False
MODERATE__CAL_R5_K050,CAL_R5_K050,MODERATE,238,PEO-H__0152,PE O-18:1_20:3,0.0,,NOT_COMPUTED,False,False,False,False,0.17248031845796863,0.9828895828332406,0.9764529162651794,PE,0.04325030597265456,,,UNASSIGNED_FALSE_POSITIVE,,,,,,,,,,,,50,R5,CAL,LOCAL_CAL_RECALIBRATION,dataset/lipid_name,False,False,True,False,False,False,True,False,False,False,True,False,True,False
MODERATE__CAL_R5_K050,CAL_R5_K050,MODERATE,239,PEO-H__0153,PE O-18:1_20:4,4.396320884260585e-07,,NOT_COMPUTED,False,False,False,False,0.24144300871075103,0.9790660598691365,0.9453508535750196,PE,0.08461183889158391,,,UNASSIGNED_FALSE_POSITIVE,,,,,,,,,,,,50,R5,CAL,LOCAL_CAL_RECALIBRATION,dataset/lipid_name,False,False,True,False,False,False,True,False,False,False,True,False,True,False
MODERATE__CAL_R5_K050,CAL_R5_K050,MODERATE,240,PEO-H__0154,PE O-18:1_20:5,0.0018752491047601657,0.0,COMPUTED,True,False,False,False,0.5577857427715306,0.9215313010613547,0.6612863240163824,PE,0.19234784377749203,,,UNASSIGNED_FALSE_POSITIVE,,,,,,,,,,,,50,R5,CAL,LOCAL_CAL_RECALIBRATION,dataset/lipid_name,False,False,True,False,False,False,True,False,False,False,True,False,True,False
MODERATE__CAL_R5_K050,CAL_R5_K050,MODERATE,241,PEO-H__0156,PE O-18:1_22:1,0.004248060777666658,0.0,COMPUTED,True,True,True,True,0.16641771598064747,0.9825549173152562,0.9730776501152054,PE,0.06405980319697188,B1_U124_U148,124,spectral_hard_spatial_high,0.8463940886699508,0.9021313628899836,0.8463940886699508,0.9021313628899836,0.031464558172073644,0.3409090909090909,0.03144905276992591,0.00324548036067953,302,0.9950490319834175,0.5,50,R5,CAL,LOCAL_CAL_RECALIBRATION,dataset/lipid_name,False,False,True,False,True,False,True,False,True,False,True,False,True,False
MODERATE__CAL_R5_K050,CAL_R5_K050,MODERATE,242,PEO-H__0157,PE O-18:1_22:2,0.0014528002506125205,0.0,COMPUTED,True,False,False,False,0.1397728776659262,0.9852875191058946,0.9852489905480893,PE,0.0313540536569106,,,UNASSIGNED_FALSE_POSITIVE,,,,,,,,,,,,50,R5,CAL,LOCAL_CAL_RECALIBRATION,dataset/lipid_name,False,False,True,False,False,False,True,False,False,False,True,False,True,False
MODERATE__CAL_R5_K050,CAL_R5_K050,MODERATE,243,PEO-H__0158,PE O-18:1_22:3,6.101216655507569e-07,,NOT_COMPUTED,False,False,False,False,0.13284776908049512,0.9842916841755988,0.984242653129889,PE,0.043975305657608654,,,UNASSIGNED_FALSE_POSITIVE,,,,,,,,,,,,50,R5,CAL,LOCAL_CAL_RECALIBRATION,dataset/lipid_name,False,False,True,False,False,False,True,False,False,False,True,False,True,False
MODERATE__CAL_R5_K050,CAL_R5_K050,MODERATE,244,PEO-H__0159,PE O-18:1_22:4,0.0003425771133535834,,NOT_COMPUTED,False,False,False,False,0.1591848957034343,0.9787777211837311,0.9761218381725482,PE,0.05803885309638207,,,UNASSIGNED_FALSE_POSITIVE,,,,,,,,,,,,50,R5,CAL,LOCAL_CAL_RECALIBRATION,dataset/lipid_name,False,False,True,False,False,False,True,False,False,False,True,False,True,False
MODERATE__CAL_R5_K050,CAL_R5_K050,MODERATE,245,PEO-H__0160,PE O-18:1_22:5,0.0,,NOT_COMPUTED,False,False,False,False,0.29720123032042856,0.9512253791165726,0.9093100642922111,PE,0.11891799175047629,,,UNASSIGNED_FALSE_POSITIVE,,,,,,,,,,,,50,R5,CAL,LOCAL_CAL_RECALIBRATION,dataset/lipid_name,False,False,True,False,False,False,True,False,False,False,True,False,True,False
MODERATE__CAL_R5_K050,CAL_R5_K050,MODERATE,246,PEO-H__0161,PE O-18:1_22:6,8.463223853411445e-07,,NOT_COMPUTED,False,False,False,False,0.5117301540657673,0.8911899884564419,0.7441668185523289,PE,0.1562636678859819,,,UNASSIGNED_FALSE_POSITIVE,,,,,,,,,,,,50,R5,CAL,LOCAL_CAL_RECALIBRATION,dataset/lipid_name,False,False,True,False,False,False,True,False,False,False,True,False,True,False
MODERATE__CAL_R5_K050,CAL_R5_K050,MODERATE,247,PEO-H__0231,PE O-20:0_18:2,0.05855380271292134,0.0005404080809640415,COMPUTED,True,True,True,True,0.42571487661894175,0.9910296758828884,0.8236347989916191,PE,0.14140567307929947,B2_U70_U101,101,spectral_easy_spatial_low,0.20378981937602628,0.20139244663382594,0.20139244663382594,0.20378981937602628,0.0,0.0,0.0,0.0,180,-0.25306448206946786,2.0,50,R5,CAL,LOCAL_CAL_RECALIBRATION,dataset/lipid_name,False,True,True,True,False,True,True,True,False,True,True,True,True,False
MODERATE__CAL_R5_K050,CAL_R5_K050,MODERATE,248,PEO-H__0259,PE O-20:1_18:2,0.008642494257342087,4.768456855330741e-07,COMPUTED,True,False,False,False,0.4351737905876049,0.9895861653945057,0.8236347989916191,PE,0.1319467591106363,,,UNASSIGNED_FALSE_POSITIVE,,,,,,,,,,,,50,R5,CAL,LOCAL_CAL_RECALIBRATION,dataset/lipid_name,False,False,True,False,False,False,True,False,False,False,True,False,True,False
MODERATE__CAL_R5_K050,CAL_R5_K050,MODERATE,249,PEO-H__0179,PE O-18:2_20:2,0.00030581752840326136,,NOT_COMPUTED,False,False,False,False,0.17873488478864286,0.9878558096053639,0.9751699462496085,PE,0.04272295754604538,,,UNASSIGNED_FALSE_POSITIVE,,,,,,,,,,,,50,R5,CAL,LOCAL_CAL_RECALIBRATION,dataset/lipid_name,False,False,True,False,False,False,True,False,False,False,True,False,True,False
MODERATE__CAL_R5_K050,CAL_R5_K050,MODERATE,250,PEO-H__0180,PE O-18:2_20:3,0.0034254544264545497,4.0085953782361265e-06,COMPUTED,True,False,False,False,0.15389249231375365,0.982213995160686,0.9807094412163158,PE,0.04157871249447814,,,UNASSIGNED_FALSE_POSITIVE,,,,,,,,,,,,50,R5,CAL,LOCAL_CAL_RECALIBRATION,dataset/lipid_name,False,False,True,False,False,False,True,False,False,False,True,False,True,False
MODERATE__CAL_R5_K050,CAL_R5_K050,MODERATE,251,PEO-H__0181,PE O-18:2_20:4,0.02785508006125605,3.244513530384707e-05,COMPUTED,True,True,True,True,0.20161747503517874,0.9802229335768837,0.9715405518090002,PE,0.035255816390138695,,117,singleton_control,,,,,,,,,329,,2.0,50,R5,CAL,LOCAL_CAL_RECALIBRATION,dataset/lipid_name,False,False,True,False,True,False,True,False,True,True,True,False,True,False
MODERATE__CAL_R5_K050,CAL_R5_K050,MODERATE,252,PEO-H__0183,PE O-18:2_22:0,0.0,,NOT_COMPUTED,False,False,False,False,0.6092428422951907,0.9909569381714911,0.6718844687566582,PE,0.13141312415858952,,,UNASSIGNED_FALSE_POSITIVE,,,,,,,,,,,,50,R5,CAL,LOCAL_CAL_RECALIBRATION,dataset/lipid_name,False,False,True,False,False,False,True,False,False,False,True,False,True,False
MODERATE__CAL_R5_K050,CAL_R5_K050,MODERATE,253,PEO-H__0427,PE O-22:1_18:2,0.0,,NOT_COMPUTED,False,False,False,False,0.3303710154344505,0.9888056550432852,0.7444616792874118,PE,0.337294176164278,,,UNASSIGNED_FALSE_POSITIVE,,,,,,,,,,,,50,R5,CAL,LOCAL_CAL_RECALIBRATION,dataset/lipid_name,False,False,True,False,False,False,True,False,False,False,True,False,True,False
MODERATE__CAL_R5_K050,CAL_R5_K050,MODERATE,254,PEO-H__0185,PE O-18:2_22:2,0.0178253437374313,4.762523913033188e-07,COMPUTED,True,True,True,True,0.12665676335127843,0.9852875191058946,0.9852489905480893,PE,0.044470167971558366,B1_U124_U148,148,spectral_hard_spatial_high,0.8463940886699508,0.9021313628899836,0.8463940886699508,0.9021313628899836,0.031464558172073644,0.3409090909090909,0.03144905276992591,0.00324548036067953,302,0.9950490319834175,1.0000000000000002,50,R5,CAL,LOCAL_CAL_RECALIBRATION,dataset/lipid_name,False,False,True,False,True,False,True,False,True,False,True,False,True,False
MODERATE__CAL_R5_K050,CAL_R5_K050,MODERATE,255,PEO-H__0186,PE O-18:2_22:3,0.02572716042087822,0.0,COMPUTED,True,False,False,False,0.11689533016188987,0.986523537683374,0.9865062605034273,PE,0.04682821117393669,,,UNASSIGNED_FALSE_POSITIVE,,,,,,,,,,,,50,R5,CAL,LOCAL_CAL_RECALIBRATION,dataset/lipid_name,False,False,True,False,False,False,True,False,False,True,True,False,True,False
MODERATE__CAL_R5_K050,CAL_R5_K050,MODERATE,256,PEO-H__0187,PE O-18:2_22:4,0.0013971212856872504,3.128164043938103e-18,COMPUTED,True,False,False,False,0.14828595476682938,0.9790243416279218,0.9787667375621356,PE,0.05669129626843439,,,UNASSIGNED_FALSE_POSITIVE,,,,,,,,,,,,50,R5,CAL,LOCAL_CAL_RECALIBRATION,dataset/lipid_name,False,False,True,False,False,False,True,False,False,False,True,False,True,False
MODERATE__CAL_R5_K050,CAL_R5_K050,MODERATE,257,PEO-H__0188,PE O-18:2_22:5,0.005349546193160873,7.223211800801315e-07,COMPUTED,True,False,False,False,0.26103860623460656,0.9522818262826038,0.935978921601904,PE,0.09101743804944895,,,UNASSIGNED_FALSE_POSITIVE,,,,,,,,,,,,50,R5,CAL,LOCAL_CAL_RECALIBRATION,dataset/lipid_name,False,False,True,False,False,False,True,False,False,False,True,False,True,False
MODERATE__CAL_R5_K050,CAL_R5_K050,MODERATE,258,PEO-H__0189,PE O-18:2_22:6,0.0022104727128154345,0.0,COMPUTED,True,False,False,False,0.4310647780235847,0.8859525621257368,0.8285086731249719,PE,0.12891145232614937,,,UNASSIGNED_FALSE_POSITIVE,,,,,,,,,,,,50,R5,CAL,LOCAL_CAL_RECALIBRATION,dataset/lipid_name,False,False,True,False,False,False,True,False,False,False,True,False,True,False
MODERATE__CAL_R5_K050,CAL_R5_K050,MODERATE,259,PEO-H__0208,PE O-18:3_20:3,0.0016831735320334603,0.0,COMPUTED,True,False,False,False,0.14272429629361114,0.9852235586914223,0.9837096338633671,PE,0.03704042840064109,,,UNASSIGNED_FALSE_POSITIVE,,,,,,,,,,,,50,R5,CAL,LOCAL_CAL_RECALIBRATION,dataset/lipid_name,False,False,True,False,False,False,True,False,False,False,True,False,True,False
MODERATE__CAL_R5_K050,CAL_R5_K050,MODERATE,260,PEO-H__0211,PE O-18:3_22:0,0.0,,NOT_COMPUTED,False,False,False,False,0.6471690508908507,0.9909569381714911,0.4799427523048661,PE,0.2301307579031726,,,UNASSIGNED_FALSE_POSITIVE,,,,,,,,,,,,50,R5,CAL,LOCAL_CAL_RECALIBRATION,dataset/lipid_name,False,False,True,False,False,False,True,False,False,False,True,False,True,False
MODERATE__CAL_R5_K050,CAL_R5_K050,MODERATE,261,PEO-H__0214,PE O-18:3_22:3,0.0003181275399433854,,NOT_COMPUTED,False,False,False,False,0.12439321564387905,0.986523537683374,0.9865062605034273,PE,0.03933032569194751,,,UNASSIGNED_FALSE_POSITIVE,,,,,,,,,,,,50,R5,CAL,LOCAL_CAL_RECALIBRATION,dataset/lipid_name,False,False,True,False,False,False,True,False,False,False,True,False,True,False
MODERATE__CAL_R5_K050,CAL_R5_K050,MODERATE,262,PEO-H__0215,PE O-18:3_22:4,0.00014106931012084132,,NOT_COMPUTED,False,False,False,False,0.1395747875215276,0.9809547878114457,0.9808689663219521,PE,0.05509434435742558,,,UNASSIGNED_FALSE_POSITIVE,,,,,,,,,,,,50,R5,CAL,LOCAL_CAL_RECALIBRATION,dataset/lipid_name,False,False,True,False,False,False,True,False,False,False,True,False,True,False
MODERATE__CAL_R5_K050,CAL_R5_K050,MODERATE,263,PEO-H__0216,PE O-18:3_22:5,0.004453084946020966,0.0,COMPUTED,True,False,False,False,0.24245622912169137,0.9538166594574129,0.944720452955995,PE,0.08542067730299038,,,UNASSIGNED_FALSE_POSITIVE,,,,,,,,,,,,50,R5,CAL,LOCAL_CAL_RECALIBRATION,dataset/lipid_name,False,False,True,False,False,False,True,False,False,False,True,False,True,False
MODERATE__CAL_R5_K050,CAL_R5_K050,MODERATE,264,PEO-H__0217,PE O-18:3_22:6,0.01316911352743538,5.6216704987673496e-05,COMPUTED,True,True,True,True,0.4000023234384312,0.8826794057114574,0.8285086731249719,PE,0.15997390691130292,,41,singleton_control,,,,,,,,,293,,0.5,50,R5,CAL,LOCAL_CAL_RECALIBRATION,dataset/lipid_name,False,True,True,True,False,False,True,False,True,False,True,False,True,False
MODERATE__CAL_R5_K050,CAL_R5_K050,MODERATE,265,PEO-H__0235,PE O-20:0_20:2,0.0008754767584674524,,NOT_COMPUTED,False,False,False,False,0.3574277360579778,0.9885666181646524,0.8711158084674012,PE,0.13364990366733687,,,UNASSIGNED_FALSE_POSITIVE,,,,,,,,,,,,50,R5,CAL,LOCAL_CAL_RECALIBRATION,dataset/lipid_name,False,False,True,False,False,False,True,False,False,False,True,False,True,False
MODERATE__CAL_R5_K050,CAL_R5_K050,MODERATE,266,PEO-H__0236,PE O-20:0_20:3,0.0,,NOT_COMPUTED,False,False,False,False,0.2665585874291982,0.9884825101246301,0.8455359439593595,PE,0.2673599152214919,,,UNASSIGNED_FALSE_POSITIVE,,,,,,,,,,,,50,R5,CAL,LOCAL_CAL_RECALIBRATION,dataset/lipid_name,False,False,True,False,False,False,True,False,False,False,True,False,True,False
MODERATE__CAL_R5_K050,CAL_R5_K050,MODERATE,267,PEO-H__0237,PE O-20:0_20:4,0.0,,NOT_COMPUTED,False,False,False,False,0.526269032993801,0.9845400250879618,0.8255746285021728,PE,0.03802391643362135,,,UNASSIGNED_FALSE_POSITIVE,,,,,,,,,,,,50,R5,CAL,LOCAL_CAL_RECALIBRATION,dataset/lipid_name,False,False,True,False,False,False,True,False,False,False,True,False,True,False
MODERATE__CAL_R5_K050,CAL_R5_K050,MODERATE,268,PEO-H__0262,PE O-20:1_20:1,0.0,,NOT_COMPUTED,False,False,False,False,0.300364327002164,0.9853143544809311,0.8874848501864849,PE,0.16047256463030118,,,UNASSIGNED_FALSE_POSITIVE,,,,,,,,,,,,50,R5,CAL,LOCAL_CAL_RECALIBRATION,dataset/lipid_name,False,False,True,False,False,False,True,False,False,False,True,False,True,False
MODERATE__CAL_R5_K050,CAL_R5_K050,MODERATE,269,PEO-H__0263,PE O-20:1_20:2,0.0,,NOT_COMPUTED,False,False,False,False,0.1653451175229508,0.9857697500316058,0.9729298295312875,PE,0.0657556111825639,,,UNASSIGNED_FALSE_POSITIVE,,,,,,,,,,,,50,R5,CAL,LOCAL_CAL_RECALIBRATION,dataset/lipid_name,False,False,True,False,False,False,True,False,False,False,True,False,True,False
MODERATE__CAL_R5_K050,CAL_R5_K050,MODERATE,270,PEO-H__0264,PE O-20:1_20:3,0.0,,NOT_COMPUTED,False,False,False,False,0.20156572631951045,0.9834038435158862,0.9702868492778397,PE,0.040391770192754556,,,UNASSIGNED_FALSE_POSITIVE,,,,,,,,,,,,50,R5,CAL,LOCAL_CAL_RECALIBRATION,dataset/lipid_name,False,False,True,False,False,False,True,False,False,False,True,False,True,False
MODERATE__CAL_R5_K050,CAL_R5_K050,MODERATE,271,PEO-H__0265,PE O-20:1_20:4,5.6663780718573255e-06,,NOT_COMPUTED,False,False,False,False,0.3379492442482309,0.9772760589772699,0.9190309912079919,PE,0.056236038581120695,,,UNASSIGNED_FALSE_POSITIVE,,,,,,,,,,,,50,R5,CAL,LOCAL_CAL_RECALIBRATION,dataset/lipid_name,False,False,True,False,False,False,True,False,False,False,True,False,True,False
MODERATE__CAL_R5_K050,CAL_R5_K050,MODERATE,272,PEO-H__0291,PE O-20:2_20:2,0.010082172945869996,8.383341474250415e-06,COMPUTED,True,False,False,False,0.16900636562700858,0.9845263698240004,0.9803192870333286,PE,0.02841221371765762,,,UNASSIGNED_FALSE_POSITIVE,,,,,,,,,,,,50,R5,CAL,LOCAL_CAL_RECALIBRATION,dataset/lipid_name,False,False,True,False,False,False,True,False,False,False,True,False,True,False
MODERATE__CAL_R5_K050,CAL_R5_K050,MODERATE,273,PEO-H__0292,PE O-20:2_20:3,0.0002317458225606733,,NOT_COMPUTED,False,False,False,False,0.1699072530804405,0.9836260273963529,0.9795654235086326,PE,0.031218531110331932,,,UNASSIGNED_FALSE_POSITIVE,,,,,,,,,,,,50,R5,CAL,LOCAL_CAL_RECALIBRATION,dataset/lipid_name,False,False,True,False,False,False,True,False,False,False,True,False,True,False
MODERATE__CAL_R5_K050,CAL_R5_K050,MODERATE,274,PEO-H__0293,PE O-20:2_20:4,0.01748027201082666,8.25004978355093e-06,COMPUTED,True,True,True,True,0.24665164194411826,0.9798178695906962,0.9504794809695133,PE,0.0641356748111262,,100,singleton_control,,,,,,,,,146,,0.689110922829001,50,R5,CAL,LOCAL_CAL_RECALIBRATION,dataset/lipid_name,False,False,True,False,True,False,True,False,True,False,True,False,True,False
MODERATE__CAL_R5_K050,CAL_R5_K050,MODERATE,275,PEO-H__0320,PE O-20:3_20:3,0.003160648634136017,2.210588336197424e-06,COMPUTED,True,False,False,False,0.1678765453740962,0.9829060245747678,0.9805525162756342,PE,0.02838033431556483,,,UNASSIGNED_FALSE_POSITIVE,,,,,,,,,,,,50,R5,CAL,LOCAL_CAL_RECALIBRATION,dataset/lipid_name,False,False,True,False,False,False,True,False,False,False,True,False,True,False
MODERATE__CAL_R5_K050,CAL_R5_K050,MODERATE,276,PEO-H__0321,PE O-20:3_20:4,0.0005181696805295135,,NOT_COMPUTED,False,False,False,False,0.2145730867610224,0.9824124426110163,0.9692667770392721,PE,0.03143893515640733,,,UNASSIGNED_FALSE_POSITIVE,,,,,,,,,,,,50,R5,CAL,LOCAL_CAL_RECALIBRATION,dataset/lipid_name,False,False,True,False,False,False,True,False,False,False,True,False,True,False
MODERATE__CAL_R5_K050,CAL_R5_K050,MODERATE,277,PG-H__0044,PG 14:0_20:0,0.0011394501290879736,0.0,COMPUTED,True,False,False,False,0.7233219574944608,0.7740328453451822,0.5980499698063078,PG,0.0781368584247818,,,UNASSIGNED_FALSE_POSITIVE,,,,,,,,,,,,50,R5,CAL,LOCAL_CAL_RECALIBRATION,dataset/lipid_name,False,False,True,False,False,False,True,False,False,False,True,False,True,False
MODERATE__CAL_R5_K050,CAL_R5_K050,MODERATE,278,PG-H__0045,PG 16:0_18:0,0.0039013535814728974,3.128164043938103e-18,COMPUTED,True,False,False,False,0.2730282086736678,0.7320003904966144,0.5980499698063078,PG,0.5284306072455749,,,UNASSIGNED_FALSE_POSITIVE,,,,,,,,,,,,50,R5,CAL,LOCAL_CAL_RECALIBRATION,dataset/lipid_name,False,False,True,False,False,False,True,False,False,False,True,False,True,False
MODERATE__CAL_R5_K050,CAL_R5_K050,MODERATE,279,PG-H__0051,PG 14:0_22:5,6.050213979806173e-08,,NOT_COMPUTED,False,False,False,False,0.3916326572569566,0.8740294125875786,0.7074638893034806,PG,0.3151168353722158,,,UNASSIGNED_FALSE_POSITIVE,,,,,,,,,,,,50,R5,CAL,LOCAL_CAL_RECALIBRATION,dataset/lipid_name,False,False,True,False,False,False,True,False,False,False,True,False,True,False
MODERATE__CAL_R5_K050,CAL_R5_K050,MODERATE,280,PG-H__0052,PG 16:0_20:5,0.0,,NOT_COMPUTED,False,False,False,False,0.3586980333079263,0.7784577318028689,0.6100413124133977,PG,0.43367157561769326,,,UNASSIGNED_FALSE_POSITIVE,,,,,,,,,,,,50,R5,CAL,LOCAL_CAL_RECALIBRATION,dataset/lipid_name,False,False,True,False,False,False,True,False,False,False,True,False,True,False
MODERATE__CAL_R5_K050,CAL_R5_K050,MODERATE,281,PG-H__0053,PG 16:1_20:4,0.0,,NOT_COMPUTED,False,False,False,False,0.42128232363155954,0.9327341411025302,0.7074638893034806,PG,0.2854671689976129,,,UNASSIGNED_FALSE_POSITIVE,,,,,,,,,,,,50,R5,CAL,LOCAL_CAL_RECALIBRATION,dataset/lipid_name,False,False,True,False,False,False,True,False,False,False,True,False,True,False
MODERATE__CAL_R5_K050,CAL_R5_K050,MODERATE,282,PG-H__0054,PG 18:2_18:3,0.0002993065865968171,,NOT_COMPUTED,False,False,False,False,0.3382696779534152,0.8248460600779068,0.7122906679448936,PG,0.3636149310519521,,,UNASSIGNED_FALSE_POSITIVE,,,,,,,,,,,,50,R5,CAL,LOCAL_CAL_RECALIBRATION,dataset/lipid_name,False,False,True,False,False,False,True,False,False,False,True,False,True,False
MODERATE__CAL_R5_K050,CAL_R5_K050,MODERATE,283,PG-H__0056,PG 14:0_22:4,0.00037432228337811363,,NOT_COMPUTED,False,False,False,False,0.16089959008702454,0.9416726959262552,0.9505858327305802,PG,0.14956228295362672,,,UNASSIGNED_FALSE_POSITIVE,,,,,,,,,,,,50,R5,CAL,LOCAL_CAL_RECALIBRATION,dataset/lipid_name,False,False,True,False,False,False,True,False,False,False,True,False,True,False
MODERATE__CAL_R5_K050,CAL_R5_K050,MODERATE,284,PG-H__0057,PG 16:0_20:4,0.005915084102848782,0.0,COMPUTED,True,False,False,False,0.14379851807726615,0.9374555358323216,0.8955038721004012,PG,0.30125520345889656,,,UNASSIGNED_FALSE_POSITIVE,,,,,,,,,,,,50,R5,CAL,LOCAL_CAL_RECALIBRATION,dataset/lipid_name,False,False,True,False,False,False,True,False,False,False,True,False,True,False
MODERATE__CAL_R5_K050,CAL_R5_K050,MODERATE,285,PG-H__0058,PG 16:1_20:3,0.003262910780239665,3.0354679113320993e-06,COMPUTED,True,False,False,False,0.22255220982248494,0.9604470093424138,0.9505858327305802,PG,0.08790966321816632,,,UNASSIGNED_FALSE_POSITIVE,,,,,,,,,,,,50,R5,CAL,LOCAL_CAL_RECALIBRATION,dataset/lipid_name,False,False,True,False,False,False,True,False,False,False,True,False,True,False
MODERATE__CAL_R5_K050,CAL_R5_K050,MODERATE,286,PG-H__0059,PG 18:1_18:3,0.001361176889253963,0.0,COMPUTED,True,False,False,False,0.2765752615706676,0.817951549214987,0.6479205988486453,PG,0.4851326204862354,,,UNASSIGNED_FALSE_POSITIVE,,,,,,,,,,,,50,R5,CAL,LOCAL_CAL_RECALIBRATION,dataset/lipid_name,False,False,True,False,False,False,True,False,False,False,True,False,True,False
MODERATE__CAL_R5_K050,CAL_R5_K050,MODERATE,287,PG-H__0060,PG 18:2_18:2,0.011890790134570875,3.3014195685594895e-06,COMPUTED,True,True,True,True,0.18259721218393685,0.9910296758828884,0.7729457639795125,PG,0.4518748880270398,,160,singleton_control,,,,,,,,,248,,1.0760213163243861,50,R5,CAL,LOCAL_CAL_RECALIBRATION,dataset/lipid_name,False,False,True,False,True,False,True,False,True,False,True,False,True,False
MODERATE__CAL_R5_K050,CAL_R5_K050,MODERATE,288,PG-H__0062,PG 14:0_22:3,0.007138419725778529,0.0,COMPUTED,True,False,False,False,0.08672432217020402,0.9402021823761977,0.9838117810560387,PG,0.09248053115510325,,,UNASSIGNED_FALSE_POSITIVE,,,,,,,,,,,,50,R5,CAL,LOCAL_CAL_RECALIBRATION,dataset/lipid_name,False,False,True,False,False,False,True,False,False,False,True,False,True,False
MODERATE__CAL_R5_K050,CAL_R5_K050,MODERATE,289,PG-H__0063,PG 16:0_20:3,0.0019366345915572238,3.550960619188897e-08,COMPUTED,True,False,False,False,0.08072333624957098,0.945604719735853,0.9733932857889159,PG,0.14841747456565207,,,UNASSIGNED_FALSE_POSITIVE,,,,,,,,,,,,50,R5,CAL,LOCAL_CAL_RECALIBRATION,dataset/lipid_name,False,False,True,False,False,False,True,False,False,False,True,False,True,False
MODERATE__CAL_R5_K050,CAL_R5_K050,MODERATE,290,PG-H__0064,PG 16:1_20:2,0.006837927199282881,7.895168966729583e-08,COMPUTED,True,True,True,True,0.12567904821660042,0.9496476461038932,0.9838117810560387,PG,0.05352580510870686,B1_U55_U166,55,spectral_hard_spatial_high,0.6350459770114942,0.4994794745484401,0.4994794745484401,0.6350459770114942,8.269231022895112e-05,0.14705882352941177,7.388365332041578e-06,0.0,218,0.9959204063620838,0.5,50,R5,CAL,LOCAL_CAL_RECALIBRATION,dataset/lipid_name,False,False,True,False,True,False,True,False,True,False,True,False,True,False
MODERATE__CAL_R5_K050,CAL_R5_K050,MODERATE,291,PG-H__0065,PG 18:0_18:3,0.028793983944329058,6.766356461716146e-05,COMPUTED,True,True,True,True,0.2545735512048524,0.8165137245448504,0.6169711287365801,PG,0.5324122341213569,,114,singleton_control,,,,,,,,,253,,1.2101381550740857,50,R5,CAL,LOCAL_CAL_RECALIBRATION,dataset/lipid_name,False,True,True,True,False,False,True,False,True,True,True,False,True,False
MODERATE__CAL_R5_K050,CAL_R5_K050,MODERATE,292,PG-H__0066,PG 18:1_18:2,0.0006222779007650083,,NOT_COMPUTED,False,False,False,False,0.18514361914509317,0.8693484458976806,0.6250586943098834,PG,0.5954341339760317,,,UNASSIGNED_FALSE_POSITIVE,,,,,,,,,,,,50,R5,CAL,LOCAL_CAL_RECALIBRATION,dataset/lipid_name,False,False,True,False,False,False,True,False,False,False,True,False,True,False
MODERATE__CAL_R5_K050,CAL_R5_K050,MODERATE,293,PG-H__0068,PG 14:0_22:2,8.06967826341261e-08,,NOT_COMPUTED,False,False,False,False,0.06638483445544971,0.9265835270984321,0.9917278076514663,PG,0.06197386424010526,,,UNASSIGNED_FALSE_POSITIVE,,,,,,,,,,,,50,R5,CAL,LOCAL_CAL_RECALIBRATION,dataset/lipid_name,False,False,True,False,False,False,True,False,False,False,True,False,True,False
MODERATE__CAL_R5_K050,CAL_R5_K050,MODERATE,294,PG-H__0069,PG 16:0_20:2,6.913932665243727e-09,,NOT_COMPUTED,False,False,False,False,0.06404391649487126,0.9219327136957365,0.9793705984567973,PG,0.1380284242110617,,,UNASSIGNED_FALSE_POSITIVE,,,,,,,,,,,,50,R5,CAL,LOCAL_CAL_RECALIBRATION,dataset/lipid_name,False,False,True,False,False,False,True,False,False,False,True,False,True,False
MODERATE__CAL_R5_K050,CAL_R5_K050,MODERATE,295,PG-H__0070,PG 16:1_20:1,0.0,,NOT_COMPUTED,False,False,False,False,0.09626468926765062,0.9360510343034749,0.9917278076514663,PG,0.032094009427904344,,,UNASSIGNED_FALSE_POSITIVE,,,,,,,,,,,,50,R5,CAL,LOCAL_CAL_RECALIBRATION,dataset/lipid_name,False,False,True,False,False,False,True,False,False,False,True,False,True,False
MODERATE__CAL_R5_K050,CAL_R5_K050,MODERATE,296,PG-H__0071,PG 18:0_18:2,0.0,,NOT_COMPUTED,False,False,False,False,0.17839411678077585,0.8899710102713989,0.6336685217403919,PG,0.595210565570195,,,UNASSIGNED_FALSE_POSITIVE,,,,,,,,,,,,50,R5,CAL,LOCAL_CAL_RECALIBRATION,dataset/lipid_name,False,False,True,False,False,False,True,False,False,False,True,False,True,False
MODERATE__CAL_R5_K050,CAL_R5_K050,MODERATE,297,PG-H__0072,PG 18:1_18:1,6.2326279272067e-09,,NOT_COMPUTED,False,False,False,False,0.20074680321951024,0.9552207873236039,0.6787772262314156,PG,0.5335974465364102,,,UNASSIGNED_FALSE_POSITIVE,,,,,,,,,,,,50,R5,CAL,LOCAL_CAL_RECALIBRATION,dataset/lipid_name,False,False,True,False,False,False,True,False,False,False,True,False,True,False
MODERATE__CAL_R5_K050,CAL_R5_K050,MODERATE,298,PG-H__0074,PG 14:0_22:1,0.015035338145517132,1.597762788491285e-05,COMPUTED,True,True,True,True,0.2477557680566548,0.871228342388368,0.9631691173504493,PG,0.02114059001157273,B2_U58_U139,58,spectral_easy_spatial_low,0.2837898193760263,0.2425353037766831,0.2425353037766831,0.2837898193760263,0.0,0.0,0.0,0.0,382,-0.37070141614987623,0.5,50,R5,CAL,LOCAL_CAL_RECALIBRATION,dataset/lipid_name,False,False,True,False,True,False,True,False,True,False,True,False,True,False
MODERATE__CAL_R5_K050,CAL_R5_K050,MODERATE,299,PG-H__0075,PG 16:0_20:1,0.000178225826353498,,NOT_COMPUTED,False,False,False,False,0.10277086760820646,0.9061811884274051,0.9631691173504493,PG,0.16612549046002106,,,UNASSIGNED_FALSE_POSITIVE,,,,,,,,,,,,50,R5,CAL,LOCAL_CAL_RECALIBRATION,dataset/lipid_name,False,False,True,False,False,False,True,False,False,False,True,False,True,False
MODERATE__CAL_R5_K050,CAL_R5_K050,MODERATE,300,PG-H__0076,PG 20:0_16:1,8.231122652418634e-07,,NOT_COMPUTED,False,False,False,False,0.27509463736924117,0.8206488603123235,0.698936050874339,PG,0.4400895324696777,,,UNASSIGNED_FALSE_POSITIVE,,,,,,,,,,,,50,R5,CAL,LOCAL_CAL_RECALIBRATION,dataset/lipid_name,False,False,True,False,False,False,True,False,False,False,True,False,True,False
MODERATE__CAL_R5_K050,CAL_R5_K050,MODERATE,301,PG-H__0077,PG 18:0_18:1,0.0009935822596969443,,NOT_COMPUTED,False,False,False,False,0.22385302590484416,0.857321011866293,0.6334015594256638,PG,0.5499702514118422,,,UNASSIGNED_FALSE_POSITIVE,,,,,,,,,,,,50,R5,CAL,LOCAL_CAL_RECALIBRATION,dataset/lipid_name,False,False,True,False,False,False,True,False,False,False,True,False,True,False
MODERATE__CAL_R5_K050,CAL_R5_K050,MODERATE,302,PG-H__0079,PG 14:0_22:0,2.7087920164211787e-05,,NOT_COMPUTED,False,False,False,False,0.39347230654553556,0.7936099239641267,0.9098349737758338,PG,0.021497958044986498,,,UNASSIGNED_FALSE_POSITIVE,,,,,,,,,,,,50,R5,CAL,LOCAL_CAL_RECALIBRATION,dataset/lipid_name,False,False,True,False,False,False,True,False,False,False,True,False,True,False
MODERATE__CAL_R5_K050,CAL_R5_K050,MODERATE,303,PG-H__0080,PG 16:0_20:0,4.805792849722368e-05,,NOT_COMPUTED,False,False,False,False,0.1602949985961718,0.7895886904138678,0.9098349737758338,PG,0.25467526599435025,,,UNASSIGNED_FALSE_POSITIVE,,,,,,,,,,,,50,R5,CAL,LOCAL_CAL_RECALIBRATION,dataset/lipid_name,False,False,True,False,False,False,True,False,False,False,True,False,True,False
MODERATE__CAL_R5_K050,CAL_R5_K050,MODERATE,304,PG-H__0081,PG 18:0_18:0,0.0033575514964603397,1.0630595648049464e-05,COMPUTED,True,False,False,False,0.27746580180873914,0.8568501347183278,0.7773785184240168,PG,0.3515672967583239,,,UNASSIGNED_FALSE_POSITIVE,,,,,,,,,,,,50,R5,CAL,LOCAL_CAL_RECALIBRATION,dataset/lipid_name,False,False,True,False,False,False,True,False,False,False,True,False,True,False
MODERATE__CAL_R5_K050,CAL_R5_K050,MODERATE,305,PG-H__0083,PG 16:1_22:6,0.0,,NOT_COMPUTED,False,False,False,False,0.3058230202104568,0.9780045750710121,0.9234151866260575,PG,0.07797952421618376,,,UNASSIGNED_FALSE_POSITIVE,,,,,,,,,,,,50,R5,CAL,LOCAL_CAL_RECALIBRATION,dataset/lipid_name,False,False,True,False,False,False,True,False,False,False,True,False,True,False
MODERATE__CAL_R5_K050,CAL_R5_K050,MODERATE,306,PG-H__0084,PG 18:2_20:5,3.639303769815751e-05,,NOT_COMPUTED,False,False,False,False,0.45600375389372205,0.9631467226016989,0.8063714203716793,PG,0.13540569175942307,,,UNASSIGNED_FALSE_POSITIVE,,,,,,,,,,,,50,R5,CAL,LOCAL_CAL_RECALIBRATION,dataset/lipid_name,False,False,True,False,False,False,True,False,False,False,True,False,True,False
MODERATE__CAL_R5_K050,CAL_R5_K050,MODERATE,307,PG-H__0085,PG 18:3_20:4,0.0,,NOT_COMPUTED,False,False,False,False,0.36662092140260855,0.9796724074104938,0.8883052400815383,PG,0.09263260383555505,,,UNASSIGNED_FALSE_POSITIVE,,,,,,,,,,,,50,R5,CAL,LOCAL_CAL_RECALIBRATION,dataset/lipid_name,False,False,True,False,False,False,True,False,False,False,True,False,True,False
MODERATE__CAL_R5_K050,CAL_R5_K050,MODERATE,308,PG-H__0087,PG 16:0_22:6,9.051219895345632e-07,,NOT_COMPUTED,False,False,False,False,0.42771565508602566,0.9755490303044848,0.7991402195004995,PG,0.17342901101082447,,,UNASSIGNED_FALSE_POSITIVE,,,,,,,,,,,,50,R5,CAL,LOCAL_CAL_RECALIBRATION,dataset/lipid_name,False,False,True,False,False,False,True,False,False,False,True,False,True,False
MODERATE__CAL_R5_K050,CAL_R5_K050,MODERATE,309,PG-H__0088,PG 16:1_22:5,0.0,,NOT_COMPUTED,False,False,False,False,0.33527002658239174,0.9821921171688058,0.8657216005624764,PG,0.16525580723594785,,,UNASSIGNED_FALSE_POSITIVE,,,,,,,,,,,,50,R5,CAL,LOCAL_CAL_RECALIBRATION,dataset/lipid_name,False,False,True,False,False,False,True,False,False,False,True,False,True,False
MODERATE__CAL_R5_K050,CAL_R5_K050,MODERATE,310,PG-H__0089,PG 18:1_20:5,1.8719502890483368e-07,,NOT_COMPUTED,False,False,False,False,0.43403628582268905,0.9724669479844656,0.7719148349631345,PG,0.20168966737085237,,,UNASSIGNED_FALSE_POSITIVE,,,,,,,,,,,,50,R5,CAL,LOCAL_CAL_RECALIBRATION,dataset/lipid_name,False,False,True,False,False,False,True,False,False,False,True,False,True,False
MODERATE__CAL_R5_K050,CAL_R5_K050,MODERATE,311,PG-H__0090,PG 18:2_20:4,4.103767999090984e-08,,NOT_COMPUTED,False,False,False,False,0.34092969232903264,0.9616518591994055,0.8407820069293783,PG,0.2004441312197301,,,UNASSIGNED_FALSE_POSITIVE,,,,,,,,,,,,50,R5,CAL,LOCAL_CAL_RECALIBRATION,dataset/lipid_name,False,False,True,False,False,False,True,False,False,False,True,False,True,False
MODERATE__CAL_R5_K050,CAL_R5_K050,MODERATE,312,PG-H__0093,PG 16:0_22:5,0.00945614559435889,1.3258016715574531e-05,COMPUTED,True,False,False,False,0.3489957354663407,0.989185985750406,0.7094802301100912,PG,0.35572960328836306,,,UNASSIGNED_FALSE_POSITIVE,,,,,,,,,,,,50,R5,CAL,LOCAL_CAL_RECALIBRATION,dataset/lipid_name,False,False,True,False,False,False,True,False,False,False,True,False,True,False
MODERATE__CAL_R5_K050,CAL_R5_K050,MODERATE,313,PG-H__0094,PG 16:1_22:4,6.612259214215299e-07,,NOT_COMPUTED,False,False,False,False,0.3345858310837336,0.9872300880237134,0.7237928267837014,PG,0.35543151934773115,,,UNASSIGNED_FALSE_POSITIVE,,,,,,,,,,,,50,R5,CAL,LOCAL_CAL_RECALIBRATION,dataset/lipid_name,False,False,True,False,False,False,True,False,False,False,True,False,True,False
MODERATE__CAL_R5_K050,CAL_R5_K050,MODERATE,314,PG-H__0095,PG 18:0_20:5,0.0024325178463742597,4.373210360717774e-05,COMPUTED,True,False,False,False,0.3912132251385195,0.9850297730134422,0.6681402735052041,PG,0.3528221066303361,,,UNASSIGNED_FALSE_POSITIVE,,,,,,,,,,,,50,R5,CAL,LOCAL_CAL_RECALIBRATION,dataset/lipid_name,False,False,True,False,False,False,True,False,False,False,True,False,True,False
MODERATE__CAL_R5_K050,CAL_R5_K050,MODERATE,315,PG-H__0096,PG 18:1_20:4,0.0001826412914805512,,NOT_COMPUTED,False,False,False,False,0.3168478513612436,0.9304715731040568,0.7322783668462833,PG,0.3641575769937292,,,UNASSIGNED_FALSE_POSITIVE,,,,,,,,,,,,50,R5,CAL,LOCAL_CAL_RECALIBRATION,dataset/lipid_name,False,False,True,False,False,False,True,False,False,False,True,False,True,False
MODERATE__CAL_R5_K050,CAL_R5_K050,MODERATE,316,PG-H__0097,PG 18:2_20:3,0.05526981490698504,0.0,COMPUTED,True,True,True,True,0.30467147072044287,0.9537646675247846,0.7413210216841658,PG,0.36647914040134144,,79,singleton_control,,,,,,,,,119,,1.8682084992203376,50,R5,CAL,LOCAL_CAL_RECALIBRATION,dataset/lipid_name,False,False,True,False,True,False,True,False,True,True,True,True,True,False
MODERATE__CAL_R5_K050,CAL_R5_K050,MODERATE,317,PG-H__0098,PG 20:2_18:3,0.003178885043528311,0.0,COMPUTED,True,False,False,False,0.29870029929230885,0.7015593202838116,0.6351189111575694,PG,0.47371407699157647,,,UNASSIGNED_FALSE_POSITIVE,,,,,,,,,,,,50,R5,CAL,LOCAL_CAL_RECALIBRATION,dataset/lipid_name,False,False,True,False,False,False,True,False,False,False,True,False,True,False
MODERATE__CAL_R5_K050,CAL_R5_K050,MODERATE,318,PG-H__0099,PG 14:0_24:4,4.576985816297108e-06,,NOT_COMPUTED,False,False,False,False,0.2364766144017557,0.9336814199983869,0.7637798863769096,PG,0.409000174620185,,,UNASSIGNED_FALSE_POSITIVE,,,,,,,,,,,,50,R5,CAL,LOCAL_CAL_RECALIBRATION,dataset/lipid_name,False,False,True,False,False,False,True,False,False,False,True,False,True,False
MODERATE__CAL_R5_K050,CAL_R5_K050,MODERATE,319,PG-H__0100,PG 16:0_22:4,0.00015459208177208948,,NOT_COMPUTED,False,False,False,False,0.20371874124768685,0.9923755383909935,0.7623938636553828,PG,0.44339453837236364,,,UNASSIGNED_FALSE_POSITIVE,,,,,,,,,,,,50,R5,CAL,LOCAL_CAL_RECALIBRATION,dataset/lipid_name,False,False,True,False,False,False,True,False,False,False,True,False,True,False
MODERATE__CAL_R5_K050,CAL_R5_K050,MODERATE,320,PG-H__0101,PG 16:1_22:3,2.31261624306414e-08,,NOT_COMPUTED,False,False,False,False,0.23838939494724698,0.9816952449555878,0.8489350701121507,PG,0.29010776373355207,,,UNASSIGNED_FALSE_POSITIVE,,,,,,,,,,,,50,R5,CAL,LOCAL_CAL_RECALIBRATION,dataset/lipid_name,False,False,True,False,False,False,True,False,False,False,True,False,True,False
MODERATE__CAL_R5_K050,CAL_R5_K050,MODERATE,321,PG-H__0102,PG 18:0_20:4,2.1446185763281967e-08,,NOT_COMPUTED,False,False,False,False,0.208514138364971,0.9681638035480906,0.7129302431802385,PG,0.4927208210879688,,,UNASSIGNED_FALSE_POSITIVE,,,,,,,,,,,,50,R5,CAL,LOCAL_CAL_RECALIBRATION,dataset/lipid_name,False,False,True,False,False,False,True,False,False,False,True,False,True,False
MODERATE__CAL_R5_K050,CAL_R5_K050,MODERATE,322,PG-H__0103,PG 18:1_20:3,1.0745094510066642e-07,,NOT_COMPUTED,False,False,False,False,0.20356606656639115,0.9658056478918986,0.7232937501766658,PG,0.4869744108535607,,,UNASSIGNED_FALSE_POSITIVE,,,,,,,,,,,,50,R5,CAL,LOCAL_CAL_RECALIBRATION,dataset/lipid_name,False,False,True,False,False,False,True,False,False,False,True,False,True,False
MODERATE__CAL_R5_K050,CAL_R5_K050,MODERATE,323,PG-H__0104,PG 18:2_20:2,3.820115066444439e-05,,NOT_COMPUTED,False,False,False,False,0.26810270421335247,0.9325718345250835,0.8489350701121507,PG,0.2603944544674466,,,UNASSIGNED_FALSE_POSITIVE,,,,,,,,,,,,50,R5,CAL,LOCAL_CAL_RECALIBRATION,dataset/lipid_name,False,False,True,False,False,False,True,False,False,False,True,False,True,False
MODERATE__CAL_R5_K050,CAL_R5_K050,MODERATE,324,PG-H__0105,PG 20:1_18:3,0.0001323535554853228,,NOT_COMPUTED,False,False,False,False,0.23811465068961957,0.9659907277452849,0.7775930923942953,PG,0.39065317821122125,,,UNASSIGNED_FALSE_POSITIVE,,,,,,,,,,,,50,R5,CAL,LOCAL_CAL_RECALIBRATION,dataset/lipid_name,False,False,True,False,False,False,True,False,False,False,True,False,True,False
MODERATE__CAL_R5_K050,CAL_R5_K050,MODERATE,325,PG-H__0455,PG 17:0_18:0,0.0005586173854996874,,NOT_COMPUTED,False,False,False,False,0.5692674122568047,0.7118582510946688,0.5724491711078749,PG,0.2506727968425583,,,UNASSIGNED_FALSE_POSITIVE,,,,,,,,,,,,50,R5,CAL,LOCAL_CAL_RECALIBRATION,dataset/lipid_name,False,False,True,False,False,False,True,False,False,False,True,False,True,False
MODERATE__CAL_R5_K050,CAL_R5_K050,MODERATE,326,PG-H__0456,PG 17:0_18:1,0.0006765959021989298,,NOT_COMPUTED,False,False,False,False,0.6327722887636469,0.9100871245491317,0.6128588478055358,PG,0.15742011354510166,,,UNASSIGNED_FALSE_POSITIVE,,,,,,,,,,,,50,R5,CAL,LOCAL_CAL_RECALIBRATION,dataset/lipid_name,False,False,True,False,False,False,True,False,False,False,True,False,True,False
MODERATE__CAL_R5_K050,CAL_R5_K050,MODERATE,327,PG-H__0457,PG 17:0_18:2,0.0,,NOT_COMPUTED,False,False,False,False,0.3764851143957298,0.9263229165510191,0.6317309645620319,PG,0.3987025973319038,,,UNASSIGNED_FALSE_POSITIVE,,,,,,,,,,,,50,R5,CAL,LOCAL_CAL_RECALIBRATION,dataset/lipid_name,False,False,True,False,False,False,True,False,False,False,True,False,True,False
MODERATE__CAL_R5_K050,CAL_R5_K050,MODERATE,328,PG-H__0459,PG 17:0_20:0,2.5194281137456e-08,,NOT_COMPUTED,False,False,False,False,0.8310149974793403,0.9206618024583055,0.4714442278210306,PG,0.050880880759260116,,,UNASSIGNED_FALSE_POSITIVE,,,,,,,,,,,,50,R5,CAL,LOCAL_CAL_RECALIBRATION,dataset/lipid_name,False,False,True,False,False,False,True,False,False,False,True,False,True,False
MODERATE__CAL_R5_K050,CAL_R5_K050,MODERATE,329,PG-H__0460,PG 17:0_20:1,0.0017511493023649868,1.5640820219690514e-18,COMPUTED,True,False,False,False,0.7656382983426151,0.9467690930810565,0.46725613989146997,PG,0.11848369535153747,,,UNASSIGNED_FALSE_POSITIVE,,,,,,,,,,,,50,R5,CAL,LOCAL_CAL_RECALIBRATION,dataset/lipid_name,False,False,True,False,False,False,True,False,False,False,True,False,True,False
MODERATE__CAL_R5_K050,CAL_R5_K050,MODERATE,330,PG-H__0461,PG 17:0_20:2,0.0,,NOT_COMPUTED,False,False,False,False,0.10023340318631115,0.9691815015571644,0.9589290654283743,PG,0.18341258652033826,,,UNASSIGNED_FALSE_POSITIVE,,,,,,,,,,,,50,R5,CAL,LOCAL_CAL_RECALIBRATION,dataset/lipid_name,False,False,True,False,False,False,True,False,False,False,True,False,True,False
MODERATE__CAL_R5_K050,CAL_R5_K050,MODERATE,331,PG-H__0462,PG 17:0_20:3,1.479705210430294e-08,,NOT_COMPUTED,False,False,False,False,0.15645235358917814,0.9898819477902964,0.9156445871464431,PG,0.24553643982354834,,,UNASSIGNED_FALSE_POSITIVE,,,,,,,,,,,,50,R5,CAL,LOCAL_CAL_RECALIBRATION,dataset/lipid_name,False,False,True,False,False,False,True,False,False,False,True,False,True,False
MODERATE__CAL_R5_K050,CAL_R5_K050,MODERATE,332,PG-H__0463,PG 17:0_20:4,2.5630080538484352e-08,,NOT_COMPUTED,False,False,False,False,0.333380957182523,0.9887826418894832,0.7722623353641875,PG,0.3019228169112968,,,UNASSIGNED_FALSE_POSITIVE,,,,,,,,,,,,50,R5,CAL,LOCAL_CAL_RECALIBRATION,dataset/lipid_name,False,False,True,False,False,False,True,False,False,False,True,False,True,False
MODERATE__CAL_R5_K050,CAL_R5_K050,MODERATE,333,PG-H__0464,PG 17:0_20:5,2.20576580138206e-05,,NOT_COMPUTED,False,False,False,False,0.4773765897889221,0.9811934844127886,0.7108936864274412,PG,0.2259228959194089,,,UNASSIGNED_FALSE_POSITIVE,,,,,,,,,,,,50,R5,CAL,LOCAL_CAL_RECALIBRATION,dataset/lipid_name,False,False,True,False,False,False,True,False,False,False,True,False,True,False
MODERATE__CAL_R5_K050,CAL_R5_K050,MODERATE,334,PG-H__0477,PG 18:0_17:1,0.02819178962015999,0.0001539273860461577,COMPUTED,True,True,True,True,0.4056545540310176,0.8369962841799066,0.7298783637230274,PG,0.2779224892998685,,89,singleton_control,,,,,,,,,221,,1.0760213163243861,50,R5,CAL,LOCAL_CAL_RECALIBRATION,dataset/lipid_name,False,True,True,True,False,True,True,True,False,True,True,False,True,False
MODERATE__CAL_R5_K050,CAL_R5_K050,MODERATE,335,PG-H__0478,PG 17:1_18:1,3.1119822992779503e-06,,NOT_COMPUTED,False,False,False,False,0.6168343533979017,0.9481350834683965,0.6317309645620319,PG,0.15835335832973185,,,UNASSIGNED_FALSE_POSITIVE,,,,,,,,,,,,50,R5,CAL,LOCAL_CAL_RECALIBRATION,dataset/lipid_name,False,False,True,False,False,False,True,False,False,False,True,False,True,False
MODERATE__CAL_R5_K050,CAL_R5_K050,MODERATE,336,PG-H__0479,PG 17:1_18:2,0.0,,NOT_COMPUTED,False,False,False,False,0.7709258001816848,0.9438998760729628,0.5482473093294393,PG,0.06539046045960517,,,UNASSIGNED_FALSE_POSITIVE,,,,,,,,,,,,50,R5,CAL,LOCAL_CAL_RECALIBRATION,dataset/lipid_name,False,False,True,False,False,False,True,False,False,False,True,False,True,False
MODERATE__CAL_R5_K050,CAL_R5_K050,MODERATE,337,PG-H__0481,PG 20:0_17:1,0.0495137148522135,0.00022420032569033134,COMPUTED,True,True,True,True,0.2654323776683324,0.9829394646770109,0.8238355564584399,PG,0.3013964994319903,B1_U18_U144,144,spectral_easy_spatial_low,0.20493267651888342,0.2025353037766831,0.2025353037766831,0.20493267651888342,0.0,0.0,0.0,0.0,84,-0.23300349967413367,1.8682084992203376,50,R5,CAL,LOCAL_CAL_RECALIBRATION,dataset/lipid_name,False,True,True,True,False,True,True,True,False,True,True,True,True,False
MODERATE__CAL_R5_K050,CAL_R5_K050,MODERATE,338,PG-H__0482,PG 17:1_20:1,0.0,,NOT_COMPUTED,False,False,False,False,0.266391512522408,0.9726361074886047,0.9589290654283743,PG,0.01725447718424139,,,UNASSIGNED_FALSE_POSITIVE,,,,,,,,,,,,50,R5,CAL,LOCAL_CAL_RECALIBRATION,dataset/lipid_name,False,False,True,False,False,False,True,False,False,False,True,False,True,False
MODERATE__CAL_R5_K050,CAL_R5_K050,MODERATE,339,PG-H__0483,PG 17:1_20:2,0.0,,NOT_COMPUTED,False,False,False,False,0.3618393165271139,0.9965803996234099,0.9156445871464431,PG,0.0401494768856126,,,UNASSIGNED_FALSE_POSITIVE,,,,,,,,,,,,50,R5,CAL,LOCAL_CAL_RECALIBRATION,dataset/lipid_name,False,False,True,False,False,False,True,False,False,False,True,False,True,False
MODERATE__CAL_R5_K050,CAL_R5_K050,MODERATE,340,PG-H__0484,PG 17:1_20:3,1.0348412994740644e-08,,NOT_COMPUTED,False,False,False,False,0.47559446497964003,0.9942019114139844,0.7722623353641875,PG,0.15970930911417974,,,UNASSIGNED_FALSE_POSITIVE,,,,,,,,,,,,50,R5,CAL,LOCAL_CAL_RECALIBRATION,dataset/lipid_name,False,False,True,False,False,False,True,False,False,False,True,False,True,False
MODERATE__CAL_R5_K050,CAL_R5_K050,MODERATE,341,PG-H__0485,PG 17:1_20:4,1.8116701310813942e-07,,NOT_COMPUTED,False,False,False,False,0.4831275545644737,0.9853779862370524,0.7051431660870239,PG,0.22593740389897193,,,UNASSIGNED_FALSE_POSITIVE,,,,,,,,,,,,50,R5,CAL,LOCAL_CAL_RECALIBRATION,dataset/lipid_name,False,False,True,False,False,False,True,False,False,False,True,False,True,False
MODERATE__CAL_R5_K050,CAL_R5_K050,MODERATE,342,PG-H__0502,PG 17:0_17:0,0.039671502275359476,0.00036365934278030795,COMPUTED,True,True,True,True,0.31615195069938173,0.8879810420856676,0.8460604591945621,PG,0.21693500223370843,,119,singleton_control,,,,,,,,,159,,2.0,50,R5,CAL,LOCAL_CAL_RECALIBRATION,dataset/lipid_name,False,True,True,True,False,True,True,True,False,True,True,False,True,False
MODERATE__CAL_R5_K050,CAL_R5_K050,MODERATE,343,PC+HCOO__0032,PC 14:0_18:0,0.0,,NOT_COMPUTED,False,False,False,False,0.4124557378851926,0.7261090115981036,0.7261069425354261,PC,0.2751260448882135,,,UNASSIGNED_FALSE_POSITIVE,,,,,,,,,,,,50,R5,CAL,LOCAL_CAL_RECALIBRATION,dataset/lipid_name,False,False,True,False,False,False,True,False,False,False,True,False,True,False
MODERATE__CAL_R5_K050,CAL_R5_K050,MODERATE,344,PC+HCOO__0033,PC 14:0_18:1,4.06231411368659e-05,,NOT_COMPUTED,False,False,False,False,0.2403996776773795,0.8770364515462538,0.8770285044290003,PC,0.24003866635755597,,,UNASSIGNED_FALSE_POSITIVE,,,,,,,,,,,,50,R5,CAL,LOCAL_CAL_RECALIBRATION,dataset/lipid_name,False,False,True,False,False,False,True,False,False,False,True,False,True,False
MODERATE__CAL_R5_K050,CAL_R5_K050,MODERATE,345,PC+HCOO__0056,PC 16:0_16:0,0.00036798863737584625,,NOT_COMPUTED,False,False,False,False,0.00439247404365462,0.9997981100893683,0.9997979854471082,PC,0.01570698604620962,,,UNASSIGNED_FALSE_POSITIVE,,,,,,,,,,,,50,R5,CAL,LOCAL_CAL_RECALIBRATION,dataset/lipid_name,False,False,True,False,False,False,True,False,False,False,True,False,True,False
MODERATE__CAL_R5_K050,CAL_R5_K050,MODERATE,346,PC+HCOO__0057,PC 16:0_16:1,0.0,,NOT_COMPUTED,False,False,False,False,0.2950266638772892,0.8916824709922263,0.8916818640206591,PC,0.157635962563908,,,UNASSIGNED_FALSE_POSITIVE,,,,,,,,,,,,50,R5,CAL,LOCAL_CAL_RECALIBRATION,dataset/lipid_name,False,False,True,False,False,False,True,False,False,False,True,False,True,False
MODERATE__CAL_R5_K050,CAL_R5_K050,MODERATE,347,PC+HCOO__0474,PC 14:0_17:1,1.2270977859115276e-05,,NOT_COMPUTED,False,False,False,False,0.09548835338967109,0.9862392575672295,0.9862355283081914,PC,0.06985819995409422,,,UNASSIGNED_FALSE_POSITIVE,,,,,,,,,,,,50,R5,CAL,LOCAL_CAL_RECALIBRATION,dataset/lipid_name,False,False,True,False,False,False,True,False,False,False,True,False,True,False
MODERATE__CAL_R5_K050,CAL_R5_K050,MODERATE,348,PCO+HCOO__0057,PC O-16:0_16:1,0.0,,NOT_COMPUTED,False,False,False,False,0.5447177151365321,0.8386212253764069,0.8386193091272589,PC,2.434061607825555e-07,,,UNASSIGNED_FALSE_POSITIVE,,,,,,,,,,,,50,R5,CAL,LOCAL_CAL_RECALIBRATION,dataset/lipid_name,False,False,True,False,False,False,True,False,False,False,True,False,True,False
MODERATE__CAL_R5_K050,CAL_R5_K050,MODERATE,349,PCO+HCOO__0082,PC O-16:1_16:1,0.0,,NOT_COMPUTED,False,False,False,False,0.511873624201587,0.8591092264429544,0.8590359045674744,PC,4.1715150479237906e-05,,,UNASSIGNED_FALSE_POSITIVE,,,,,,,,,,,,50,R5,CAL,LOCAL_CAL_RECALIBRATION,dataset/lipid_name,False,False,True,False,False,False,True,False,False,False,True,False,True,False
MODERATE__CAL_R5_K050,CAL_R5_K050,MODERATE,350,PCO+HCOO__0083,PC O-16:1_18:0,0.021107225765577473,0.0004600451530004063,COMPUTED,True,True,True,True,0.578408761742055,0.8511856151913196,0.7773785184240168,PC,0.050624336825008,B1_U35_U46,46,spectral_easy_spatial_low,0.18836124794745485,0.20310673234811166,0.18836124794745485,0.20310673234811166,0.0,0.0,0.0,0.0,171,-0.3003940965764915,0.8939526432607221,50,R5,CAL,LOCAL_CAL_RECALIBRATION,dataset/lipid_name,False,True,True,True,False,True,True,True,False,True,True,False,True,False
MODERATE__CAL_R5_K050,CAL_R5_K050,MODERATE,351,PCO+HCOO__0084,PC O-16:1_18:1,0.0,,NOT_COMPUTED,False,False,False,False,0.8076497414228311,0.6052609717953458,0.5463444239546815,PC,0.02991086558637346,,,UNASSIGNED_FALSE_POSITIVE,,,,,,,,,,,,50,R5,CAL,LOCAL_CAL_RECALIBRATION,dataset/lipid_name,False,False,True,False,False,False,True,False,False,False,True,False,True,False
MODERATE__CAL_R5_K050,CAL_R5_K050,MODERATE,352,PCO+HCOO__0085,PC O-16:1_18:2,0.0,,NOT_COMPUTED,False,False,False,False,0.905898646108516,0.4240431892510307,0.3829831503726599,PC,0.017856682174158922,,,UNASSIGNED_FALSE_POSITIVE,,,,,,,,,,,,50,R5,CAL,LOCAL_CAL_RECALIBRATION,dataset/lipid_name,False,False,True,False,False,False,True,False,False,False,True,False,True,False
MODERATE__CAL_R5_K050,CAL_R5_K050,MODERATE,353,PCO+HCOO__0454,PC O-16:1_17:0,3.0992096643126896e-06,,NOT_COMPUTED,False,False,False,False,0.10392782718246293,0.9363920658827259,0.9360220526851195,PC,0.24801352714682776,,,UNASSIGNED_FALSE_POSITIVE,,,,,,,,,,,,50,R5,CAL,LOCAL_CAL_RECALIBRATION,dataset/lipid_name,False,False,True,False,False,False,True,False,False,False,True,False,True,False
MODERATE__CAL_R5_K050,CAL_R5_K050,MODERATE,354,PCO+HCOO__0475,PC O-16:0_17:1,0.0,,NOT_COMPUTED,False,False,False,False,0.21989783570473154,0.9509393044395594,0.9509369379955512,PC,0.08948694083678671,,,UNASSIGNED_FALSE_POSITIVE,,,,,,,,,,,,50,R5,CAL,LOCAL_CAL_RECALIBRATION,dataset/lipid_name,False,False,True,False,False,False,True,False,False,False,True,False,True,False
MODERATE__CAL_R5_K050,CAL_R5_K050,MODERATE,355,PC+CH3COO__0032,PC 14:0_18:0,0.0,,NOT_COMPUTED,False,False,False,False,0.40651003337338365,0.9037536858220203,0.9037530307776178,PC,0.02154423813931855,,,UNASSIGNED_FALSE_POSITIVE,,,,,,,,,,,,50,R5,CAL,LOCAL_CAL_RECALIBRATION,dataset/lipid_name,False,False,True,False,False,False,True,False,False,False,True,False,True,False
MODERATE__CAL_R5_K050,CAL_R5_K050,MODERATE,356,PC+CH3COO__0033,PC 14:0_18:1,1.86578949665706e-05,,NOT_COMPUTED,False,False,False,False,0.18245888828111903,0.9511016162675965,0.9510996937581305,PC,0.12642518792416282,,,UNASSIGNED_FALSE_POSITIVE,,,,,,,,,,,,50,R5,CAL,LOCAL_CAL_RECALIBRATION,dataset/lipid_name,False,False,True,False,False,False,True,False,False,False,True,False,True,False
MODERATE__CAL_R5_K050,CAL_R5_K050,MODERATE,357,PC+CH3COO__0056,PC 16:0_16:0,0.00037776928839559904,,NOT_COMPUTED,False,False,False,False,0.01580146506998347,0.9997981100893683,0.9997979854471082,PC,0.004297995019880766,,,UNASSIGNED_FALSE_POSITIVE,,,,,,,,,,,,50,R5,CAL,LOCAL_CAL_RECALIBRATION,dataset/lipid_name,False,False,True,False,False,False,True,False,False,False,True,False,True,False
MODERATE__CAL_R5_K050,CAL_R5_K050,MODERATE,358,PC+CH3COO__0057,PC 16:0_16:1,0.0,,NOT_COMPUTED,False,False,False,False,0.14078117259663253,0.9182882348380778,0.9182880038412459,PC,0.2551318759396086,,,UNASSIGNED_FALSE_POSITIVE,,,,,,,,,,,,50,R5,CAL,LOCAL_CAL_RECALIBRATION,dataset/lipid_name,False,False,True,False,False,False,True,False,False,False,True,False,True,False
MODERATE__CAL_R5_K050,CAL_R5_K050,MODERATE,359,PC+CH3COO__0474,PC 14:0_17:1,2.4335598329187414e-05,,NOT_COMPUTED,False,False,False,False,0.04847231659048648,0.9862392575672295,0.9862355283081914,PC,0.11687423675327882,,,UNASSIGNED_FALSE_POSITIVE,,,,,,,,,,,,50,R5,CAL,LOCAL_CAL_RECALIBRATION,dataset/lipid_name,False,False,True,False,False,False,True,False,False,False,True,False,True,False
MODERATE__CAL_R5_K050,CAL_R5_K050,MODERATE,360,PCO+CH3COO__0057,PC O-16:0_16:1,0.0,,NOT_COMPUTED,False,False,False,False,0.19936849220098288,0.8386212253764069,0.8386193091272589,PC,0.34534946634171004,,,UNASSIGNED_FALSE_POSITIVE,,,,,,,,,,,,50,R5,CAL,LOCAL_CAL_RECALIBRATION,dataset/lipid_name,False,False,True,False,False,False,True,False,False,False,True,False,True,False
MODERATE__CAL_R5_K050,CAL_R5_K050,MODERATE,361,PCO+CH3COO__0082,PC O-16:1_16:1,0.0,,NOT_COMPUTED,False,False,False,False,0.1949832272390983,0.8591092264429544,0.8590359045674744,PC,0.3169321121129679,,,UNASSIGNED_FALSE_POSITIVE,,,,,,,,,,,,50,R5,CAL,LOCAL_CAL_RECALIBRATION,dataset/lipid_name,False,False,True,False,False,False,True,False,False,False,True,False,True,False
MODERATE__CAL_R5_K050,CAL_R5_K050,MODERATE,362,PCO+CH3COO__0453,PC O-16:0_17:0,5.196276700444553e-06,,NOT_COMPUTED,False,False,False,False,0.7536429126805174,0.6594747873316874,0.6374616783002626,PC,0.016839149861247793,,,UNASSIGNED_FALSE_POSITIVE,,,,,,,,,,,,50,R5,CAL,LOCAL_CAL_RECALIBRATION,dataset/lipid_name,False,False,True,False,False,False,True,False,False,False,True,False,True,False
MODERATE__CAL_R5_K050,CAL_R5_K050,MODERATE,363,PCO+CH3COO__0454,PC O-16:1_17:0,3.708157501785455e-08,,NOT_COMPUTED,False,False,False,False,0.19601713649372615,0.9363920658827259,0.9360220526851195,PC,0.15592421783556454,,,UNASSIGNED_FALSE_POSITIVE,,,,,,,,,,,,50,R5,CAL,LOCAL_CAL_RECALIBRATION,dataset/lipid_name,False,False,True,False,False,False,True,False,False,False,True,False,True,False
MODERATE__CAL_R5_K050,CAL_R5_K050,MODERATE,364,PCO+CH3COO__0475,PC O-16:0_17:1,3.165446244527868e-07,,NOT_COMPUTED,False,False,False,False,0.10549498522907921,0.9509393044395594,0.9509369379955512,PC,0.20388979131243903,,,UNASSIGNED_FALSE_POSITIVE,,,,,,,,,,,,50,R5,CAL,LOCAL_CAL_RECALIBRATION,dataset/lipid_name,False,False,True,False,False,False,True,False,False,False,True,False,True,False
MODERATE__CAL_R5_K050,CAL_R5_K050,MODERATE,365,PCO+CH3COO__0476,PC O-16:1_17:1,0.027628676176087396,0.0006519868886439317,COMPUTED,True,True,True,True,0.5790731778499716,0.7915991695954587,0.762421793483903,PC,0.06800719491742169,,8,singleton_control,,,,,,,,,295,,0.7802037075442214,50,R5,CAL,LOCAL_CAL_RECALIBRATION,dataset/lipid_name,False,True,True,True,False,True,True,True,False,True,True,False,True,False
MODERATE__CAL_R5_K050,CAL_R5_K050,MODERATE,366,PC+Cl__0165,PC 14:0_17:1,2.8254669577921616e-05,,NOT_COMPUTED,False,False,False,False,0.2483052155298588,0.9652339242076485,0.965232569833651,PC,0.013087374518761463,,,UNASSIGNED_FALSE_POSITIVE,,,,,,,,,,,,50,R5,CAL,LOCAL_CAL_RECALIBRATION,dataset/lipid_name,False,False,True,False,False,False,True,False,False,False,True,False,True,False
MODERATE__CAL_R5_K050,CAL_R5_K050,MODERATE,367,PC+Cl__0167,PC 14:0_18:0,0.0,,NOT_COMPUTED,False,False,False,False,0.06684283090386553,0.9037536858220203,0.9037530307776178,PC,0.3612114406088367,,,UNASSIGNED_FALSE_POSITIVE,,,,,,,,,,,,50,R5,CAL,LOCAL_CAL_RECALIBRATION,dataset/lipid_name,False,False,True,False,False,False,True,False,False,False,True,False,True,False
MODERATE__CAL_R5_K050,CAL_R5_K050,MODERATE,368,PC+Cl__0168,PC 14:0_18:1,3.7469022399768994e-05,,NOT_COMPUTED,False,False,False,False,0.10173303336151761,0.9511016162675965,0.9510996937581305,PC,0.20715104284376423,,,UNASSIGNED_FALSE_POSITIVE,,,,,,,,,,,,50,R5,CAL,LOCAL_CAL_RECALIBRATION,dataset/lipid_name,False,False,True,False,False,False,True,False,False,False,True,False,True,False
MODERATE__CAL_R5_K050,CAL_R5_K050,MODERATE,369,PC+Cl__0169,PC 14:0_18:2,0.016551561106598434,0.0002398884320392778,COMPUTED,True,True,True,True,0.5260423696444757,0.5944314846262744,0.5375980922793575,PC,0.31715884666014715,,10,singleton_control,,,,,,,,,141,,0.6170676298438253,50,R5,CAL,LOCAL_CAL_RECALIBRATION,dataset/lipid_name,False,True,True,True,False,True,True,True,False,False,True,False,True,False
MODERATE__CAL_R5_K050,CAL_R5_K050,MODERATE,370,PC+Cl__0176,PC 14:0_20:0,0.0,,NOT_COMPUTED,False,False,False,False,0.5174354081656964,0.6471130837014081,0.649754555119047,PC,0.24270866903417843,,,UNASSIGNED_FALSE_POSITIVE,,,,,,,,,,,,50,R5,CAL,LOCAL_CAL_RECALIBRATION,dataset/lipid_name,False,False,True,False,False,False,True,False,False,False,True,False,True,False
MODERATE__CAL_R5_K050,CAL_R5_K050,MODERATE,371,PC+Cl__0177,PC 14:0_20:1,0.0,,NOT_COMPUTED,False,False,False,False,0.40061504805859177,0.6352892103486674,0.6068571090230462,PC,0.3941959038212817,,,UNASSIGNED_FALSE_POSITIVE,,,,,,,,,,,,50,R5,CAL,LOCAL_CAL_RECALIBRATION,dataset/lipid_name,False,False,True,False,False,False,True,False,False,False,True,False,True,False
MODERATE__CAL_R5_K050,CAL_R5_K050,MODERATE,372,PC+Cl__0178,PC 14:0_20:2,0.0,,NOT_COMPUTED,False,False,False,False,0.3254331442131747,0.6041425983942957,0.6039971767841417,PC,0.4715533114037237,,,UNASSIGNED_FALSE_POSITIVE,,,,,,,,,,,,50,R5,CAL,LOCAL_CAL_RECALIBRATION,dataset/lipid_name,False,False,True,False,False,False,True,False,False,False,True,False,True,False
MODERATE__CAL_R5_K050,CAL_R5_K050,MODERATE,373,PC+Cl__0179,PC 14:0_20:3,0.0,,NOT_COMPUTED,False,False,False,False,0.39431987909766586,0.7479417800620244,0.7441651284998448,PC,0.27367582562266346,,,UNASSIGNED_FALSE_POSITIVE,,,,,,,,,,,,50,R5,CAL,LOCAL_CAL_RECALIBRATION,dataset/lipid_name,False,False,True,False,False,False,True,False,False,False,True,False,True,False
MODERATE__CAL_R5_K050,CAL_R5_K050,MODERATE,374,PC+Cl__0180,PC 14:0_20:4,2.7308024697383524e-08,,NOT_COMPUTED,False,False,False,False,0.6036768381098416,0.7745273553735048,0.7728249883047782,PC,0.030942368542241527,,,UNASSIGNED_FALSE_POSITIVE,,,,,,,,,,,,50,R5,CAL,LOCAL_CAL_RECALIBRATION,dataset/lipid_name,False,False,True,False,False,False,True,False,False,False,True,False,True,False
MODERATE__CAL_R5_K050,CAL_R5_K050,MODERATE,375,PC+Cl__0219,PC 14:1_17:1,0.0,,NOT_COMPUTED,False,False,False,False,0.8078312049387865,0.36304209523983627,0.3495144909050598,PC,0.129099753375313,,,UNASSIGNED_FALSE_POSITIVE,,,,,,,,,,,,50,R5,CAL,LOCAL_CAL_RECALIBRATION,dataset/lipid_name,False,False,True,False,False,False,True,False,False,False,True,False,True,False
MODERATE__CAL_R5_K050,CAL_R5_K050,MODERATE,376,PC+Cl__0793,PC 18:0_14:1,0.0,,NOT_COMPUTED,False,False,False,False,0.5302390072873353,0.615682288510722,0.6154179406395242,PC,0.2579619558806927,,,UNASSIGNED_FALSE_POSITIVE,,,,,,,,,,,,50,R5,CAL,LOCAL_CAL_RECALIBRATION,dataset/lipid_name,False,False,True,False,False,False,True,False,False,False,True,False,True,False
MODERATE__CAL_R5_K050,CAL_R5_K050,MODERATE,377,PC+Cl__1186,PC 20:0_14:1,0.0,,NOT_COMPUTED,False,False,False,False,0.593367589246976,0.47707361889437966,0.4777580009686473,PC,0.2851238976272237,,,UNASSIGNED_FALSE_POSITIVE,,,,,,,,,,,,50,R5,CAL,LOCAL_CAL_RECALIBRATION,dataset/lipid_name,False,False,True,False,False,False,True,False,False,False,True,False,True,False
MODERATE__CAL_R5_K050,CAL_R5_K050,MODERATE,378,PC+Cl__0231,PC 14:1_20:1,0.0,,NOT_COMPUTED,False,False,False,False,0.4158486366407816,0.6900215947371616,0.6898906281562027,PC,0.30806497780657766,,,UNASSIGNED_FALSE_POSITIVE,,,,,,,,,,,,50,R5,CAL,LOCAL_CAL_RECALIBRATION,dataset/lipid_name,False,False,True,False,False,False,True,False,False,False,True,False,True,False
MODERATE__CAL_R5_K050,CAL_R5_K050,MODERATE,379,PC+Cl__0382,PC 16:0_16:0,0.0,,NOT_COMPUTED,False,False,False,False,0.074235030035795,0.9952284460415796,0.9952283038691733,PC,0.023338650727454557,,,UNASSIGNED_FALSE_POSITIVE,,,,,,,,,,,,50,R5,CAL,LOCAL_CAL_RECALIBRATION,dataset/lipid_name,False,False,True,False,False,False,True,False,False,False,True,False,True,False
MODERATE__CAL_R5_K050,CAL_R5_K050,MODERATE,380,PC+Cl__0383,PC 16:0_16:1,0.0,,NOT_COMPUTED,False,False,False,False,0.12024383132576463,0.9182882348380778,0.9182880038412459,PC,0.27566921721047655,,,UNASSIGNED_FALSE_POSITIVE,,,,,,,,,,,,50,R5,CAL,LOCAL_CAL_RECALIBRATION,dataset/lipid_name,False,False,True,False,False,False,True,False,False,False,True,False,True,False
MODERATE__CAL_R5_K050,CAL_R5_K050,MODERATE,381,PC+Cl__0390,PC 16:0_18:0,0.00040509901768107163,,NOT_COMPUTED,False,False,False,False,0.49212912704514206,0.6471130837014081,0.649754555119047,PC,0.2680149501547328,,,UNASSIGNED_FALSE_POSITIVE,,,,,,,,,,,,50,R5,CAL,LOCAL_CAL_RECALIBRATION,dataset/lipid_name,False,False,True,False,False,False,True,False,False,False,True,False,True,False
MODERATE__CAL_R5_K050,CAL_R5_K050,MODERATE,382,PC+Cl__0391,PC 16:0_18:1,1.834065601732281e-05,,NOT_COMPUTED,False,False,False,False,0.3986166534022413,0.6482926248318512,0.5870930826144038,PC,0.4109027795617344,,,UNASSIGNED_FALSE_POSITIVE,,,,,,,,,,,,50,R5,CAL,LOCAL_CAL_RECALIBRATION,dataset/lipid_name,False,False,True,False,False,False,True,False,False,False,True,False,True,False
MODERATE__CAL_R5_K050,CAL_R5_K050,MODERATE,383,PC+Cl__0392,PC 16:0_18:2,1.0809357383063155e-07,,NOT_COMPUTED,False,False,False,False,0.3131917397743864,0.5996238721920917,0.5958430948573314,PC,0.4899091295507795,,,UNASSIGNED_FALSE_POSITIVE,,,,,,,,,,,,50,R5,CAL,LOCAL_CAL_RECALIBRATION,dataset/lipid_name,False,False,True,False,False,False,True,False,False,False,True,False,True,False
MODERATE__CAL_R5_K050,CAL_R5_K050,MODERATE,384,PC+Cl__0435,PC 16:1_16:1,0.000922395485885253,,NOT_COMPUTED,False,False,False,False,0.5387988106372762,0.6371790012593744,0.5915900402481294,PC,0.26744012682432805,,,UNASSIGNED_FALSE_POSITIVE,,,,,,,,,,,,50,R5,CAL,LOCAL_CAL_RECALIBRATION,dataset/lipid_name,False,False,True,False,False,False,True,False,False,False,True,False,True,False
MODERATE__CAL_R5_K050,CAL_R5_K050,MODERATE,385,PC+Cl__0797,PC 18:0_16:1,0.0,,NOT_COMPUTED,False,False,False,False,0.39177303368002603,0.6110147415354648,0.5672990540674725,PC,0.4317388261338755,,,UNASSIGNED_FALSE_POSITIVE,,,,,,,,,,,,50,R5,CAL,LOCAL_CAL_RECALIBRATION,dataset/lipid_name,False,False,True,False,False,False,True,False,False,False,True,False,True,False
MODERATE__CAL_R5_K050,CAL_R5_K050,MODERATE,386,PC+Cl__0443,PC 16:1_18:1,0.0,,NOT_COMPUTED,False,False,False,False,0.3710824945274597,0.6900215947371616,0.6898906281562027,PC,0.3528311199198995,,,UNASSIGNED_FALSE_POSITIVE,,,,,,,,,,,,50,R5,CAL,LOCAL_CAL_RECALIBRATION,dataset/lipid_name,False,False,True,False,False,False,True,False,False,False,True,False,True,False
MODERATE__CAL_R5_K050,CAL_R5_K050,MODERATE,387,PC+Cl__0444,PC 16:1_18:2,0.0,,NOT_COMPUTED,False,False,False,False,0.6451321224456396,0.494520891089959,0.49342467993636147,PC,0.2246564065829395,,,UNASSIGNED_FALSE_POSITIVE,,,,,,,,,,,,50,R5,CAL,LOCAL_CAL_RECALIBRATION,dataset/lipid_name,False,False,True,False,False,False,True,False,False,False,True,False,True,False
MODERATE__CAL_R5_K050,CAL_R5_K050,MODERATE,388,PC+Cl__0657,PC 17:0_17:0,0.051885589721260436,0.00046030256097973207,COMPUTED,True,True,True,True,0.3349749352720744,0.807407271036795,0.7788483732494292,PC,0.2922373186633201,B1_U35_U46,35,spectral_easy_spatial_low,0.18836124794745485,0.20310673234811166,0.18836124794745485,0.20310673234811166,0.0,0.0,0.0,0.0,211,-0.3003940965764915,2.0,50,R5,CAL,LOCAL_CAL_RECALIBRATION,dataset/lipid_name,False,True,True,True,False,True,True,True,False,True,True,True,True,False
MODERATE__CAL_R5_K050,CAL_R5_K050,MODERATE,389,PC+Cl__0658,PC 17:0_17:1,6.758252348942069e-09,,NOT_COMPUTED,False,False,False,False,0.3922836268459849,0.6138364929282721,0.5912130014929557,PC,0.4142318329349733,,,UNASSIGNED_FALSE_POSITIVE,,,,,,,,,,,,50,R5,CAL,LOCAL_CAL_RECALIBRATION,dataset/lipid_name,False,False,True,False,False,False,True,False,False,False,True,False,True,False
MODERATE__CAL_R5_K050,CAL_R5_K050,MODERATE,390,PC+Cl__0706,PC 17:1_17:1,0.0,,NOT_COMPUTED,False,False,False,False,0.32843304652277755,0.6440510617032883,0.6203139041110748,PC,0.4559206111894029,,,UNASSIGNED_FALSE_POSITIVE,,,,,,,,,,,,50,R5,CAL,LOCAL_CAL_RECALIBRATION,dataset/lipid_name,False,False,True,False,False,False,True,False,False,False,True,False,True,False
